1681
Note: 5 5200 3997 59 68 0 majora 48
Note: 5 5200 7997 62 68 0 majora 48
Note: 5 5200 7997 43 68 0 majora 48
Note: 5 5200 7997 50 68 0 majora 48
Note: 8 9200 1997 69 77 0 majora 48
Note: 5 9200 3997 57 79 0 majora 48
Note: 8 11200 5997 74 77 0 majora 48
Note: 5 13200 7997 55 79 0 majora 48
Note: 8 13200 7997 67 77 0 majora 48
Note: 5 13200 7997 62 79 0 majora 48
Note: 5 13200 7997 48 79 0 majora 48
Note: 5 13200 7997 64 79 0 majora 48
Note: 8 17200 1997 78 78 0 majora 48
Note: 5 17200 1997 66 80 0 majora 48
Note: 4 17200 1897 66 77 0 majora 0
Note: 4 17262 1837 78 77 0 majora 0
Note: 8 19200 1997 81 78 0 majora 48
Note: 8 19200 1997 69 78 0 majora 48
Note: 4 19200 1897 69 83 0 majora 0
Note: 4 19262 1837 81 83 0 majora 0
Note: 8 21200 1997 81 78 0 majora 48
Note: 4 21200 4747 81 83 0 majora 0
Note: 5 21200 7997 48 80 0 majora 48
Note: 5 21200 7997 41 80 0 majora 48
Note: 5 21200 7997 57 80 0 majora 48
Note: 8 21200 1997 69 78 0 majora 48
Note: 4 21262 4687 93 83 0 majora 0
Note: 8 23200 3997 88 79 0 majora 48
Note: 8 23200 3997 76 79 0 majora 48
Note: 4 23200 1897 76 87 0 majora 0
Note: 4 23262 1837 88 87 0 majora 0
Note: 8 27200 1997 77 79 0 majora 48
Note: 8 27200 1997 89 79 0 majora 48
Note: 4 27200 947 77 93 0 majora 0
Note: 4 27262 887 89 93 0 majora 0
Note: 8 28200 997 71 80 0 majora 48
Note: 5 29200 11997 62 81 0 majora 48
Note: 8 29200 11997 84 80 0 majora 48
Note: 3 29200 472 36 73 0 majora 0
Note: 5 29200 11997 55 81 0 majora 48
Note: 4 29200 947 62 83 0 majora 0
Note: 8 29200 11997 79 80 0 majora 48
Note: 8 29200 11997 72 80 0 majora 48
Note: 5 29200 11997 48 81 0 majora 48
Note: 4 29200 947 79 93 0 majora 0
Note: 4 29200 947 67 83 0 majora 0
Note: 8 29200 11997 91 80 0 majora 48
Note: 4 29200 947 64 83 0 majora 0
Note: 0 29200 3997 36 83 0 majora 32
Note: 5 29200 11997 36 81 0 majora 48
Note: 4 29262 887 91 97 0 majora 0
Note: 3 29700 947 55 74 0 majora 0
Note: 4 30200 947 64 77 0 majora 0
Note: 4 30200 947 62 77 0 majora 0
Note: 4 30200 947 67 77 0 majora 0
Note: 3 30700 947 55 74 0 majora 0
Note: 4 31200 947 64 77 0 majora 0
Note: 4 31200 947 67 77 0 majora 0
Note: 4 31200 947 62 77 0 majora 0
Note: 3 31700 947 55 74 0 majora 0
Note: 4 32200 947 64 77 0 majora 0
Note: 4 32200 947 67 77 0 majora 0
Note: 4 32200 947 62 77 0 majora 0
Note: 3 32700 472 55 74 0 majora 0
Note: 0 33200 3997 36 84 0 majora 32
Note: 3 33200 472 36 74 0 majora 0
Note: 4 33200 947 67 77 0 majora 0
Note: 4 33200 947 64 77 0 majora 0
Note: 4 33200 947 62 77 0 majora 0
Note: 3 33700 947 55 74 0 majora 0
Note: 4 34200 947 62 77 0 majora 0
Note: 4 34200 947 64 77 0 majora 0
Note: 4 34200 947 67 77 0 majora 0
Note: 3 34700 947 55 74 0 majora 0
Note: 4 35200 947 62 78 0 majora 0
Note: 4 35200 947 67 78 0 majora 0
Note: 4 35200 947 64 78 0 majora 0
Note: 3 35700 947 55 74 0 majora 0
Note: 4 36200 947 62 78 0 majora 0
Note: 4 36200 947 64 78 0 majora 0
Note: 3 36700 472 55 74 0 majora 0
Note: 4 36700 472 67 78 0 majora 0
Note: 12 36950 247 67 88 0 majora 26
Note: 4 37200 947 62 78 0 majora 0
Note: 12 37200 1497 67 88 0 majora 26
Note: 3 37200 472 48 74 0 majora 0
Note: 0 37200 1497 36 84 0 majora 32
Note: 4 37200 947 67 78 0 majora 0
Note: 4 37200 947 64 78 0 majora 0
Note: 3 37700 947 55 74 0 majora 0
Note: 4 38200 947 67 78 0 majora 0
Note: 4 38200 947 62 78 0 majora 0
Note: 4 38200 947 64 78 0 majora 0
Note: 0 38700 497 36 85 0 majora 32
Note: 3 38700 472 55 75 0 majora 0
Note: 12 38950 247 69 88 0 majora 26
Note: 4 39200 947 65 79 0 majora 0
Note: 0 39200 1497 43 85 0 majora 32
Note: 12 39200 1497 65 88 0 majora 26
Note: 3 39200 472 43 75 0 majora 0
Note: 4 39200 947 60 79 0 majora 0
Note: 4 39200 947 62 79 0 majora 0
Note: 3 39700 947 55 75 0 majora 0
Note: 4 40200 947 62 79 0 majora 0
Note: 4 40200 947 65 79 0 majora 0
Note: 4 40200 947 60 79 0 majora 0
Note: 0 40700 497 43 85 0 majora 32
Note: 3 40700 472 55 75 0 majora 0
Note: 12 40950 247 67 89 0 majora 26
Note: 3 41200 472 48 75 0 majora 0
Note: 4 41200 947 62 79 0 majora 0
Note: 4 41200 947 64 79 0 majora 0
Note: 12 41200 1997 64 89 0 majora 26
Note: 4 41200 947 67 79 0 majora 0
Note: 0 41200 1997 36 85 0 majora 32
Note: 3 41700 947 55 75 0 majora 0
Note: 4 42200 947 64 79 0 majora 0
Note: 4 42200 947 67 79 0 majora 0
Note: 4 42200 947 62 79 0 majora 0
Note: 3 42700 472 55 75 0 majora 0
Note: 4 43200 472 62 80 0 majora 0
Note: 3 43200 472 43 75 0 majora 0
Note: 0 43200 1497 43 85 0 majora 32
Note: 4 43200 497 60 80 0 majora 0
Note: 3 43700 947 55 75 0 majora 0
Note: 4 43700 472 64 80 0 majora 0
Note: 4 44200 472 65 80 0 majora 0
Note: 4 44200 497 62 80 0 majora 0
Note: 4 44200 497 60 80 0 majora 0
Note: 3 44700 472 55 75 0 majora 0
Note: 12 44700 497 67 89 0 majora 26
Note: 0 44700 497 43 86 0 majora 32
Note: 4 44700 472 67 80 0 majora 0
Note: 4 45200 947 67 80 0 majora 0
Note: 3 45200 472 48 75 0 majora 0
Note: 0 45200 1497 36 86 0 majora 32
Note: 12 45200 1497 67 89 0 majora 26
Note: 4 45200 947 64 80 0 majora 0
Note: 4 45200 947 62 80 0 majora 0
Note: 3 45700 947 55 75 0 majora 0
Note: 4 46200 947 62 80 0 majora 0
Note: 4 46200 947 64 80 0 majora 0
Note: 4 46200 947 67 80 0 majora 0
Note: 0 46700 497 36 86 0 majora 32
Note: 3 46700 472 55 76 0 majora 0
Note: 12 46950 247 69 90 0 majora 26
Note: 3 47200 472 43 76 0 majora 0
Note: 4 47200 947 60 81 0 majora 0
Note: 4 47200 947 65 81 0 majora 0
Note: 0 47200 1497 43 86 0 majora 32
Note: 12 47200 1497 65 90 0 majora 26
Note: 4 47200 947 62 81 0 majora 0
Note: 3 47700 947 55 76 0 majora 0
Note: 4 48200 947 60 81 0 majora 0
Note: 4 48200 947 62 81 0 majora 0
Note: 4 48200 947 65 81 0 majora 0
Note: 3 48700 472 55 76 0 majora 0
Note: 0 48700 497 43 86 0 majora 32
Note: 12 48950 247 64 90 0 majora 26
Note: 3 49200 472 48 76 0 majora 0
Note: 4 49200 947 62 81 0 majora 0
Note: 4 49200 947 64 81 0 majora 0
Note: 12 49200 1997 64 90 0 majora 26
Note: 0 49200 1997 36 86 0 majora 32
Note: 4 49200 947 67 81 0 majora 0
Note: 3 49700 947 55 76 0 majora 0
Note: 4 50200 947 62 81 0 majora 0
Note: 3 50700 472 55 76 0 majora 0
Note: 0 51200 997 47 86 0 majora 32
Note: 4 51200 497 62 82 0 majora 0
Note: 4 51200 472 64 82 0 majora 0
Note: 3 51200 947 47 76 0 majora 0
Note: 4 51700 472 67 82 0 majora 0
Note: 4 52200 472 69 82 0 majora 0
Note: 3 52200 947 45 76 0 majora 0
Note: 3 52200 947 57 76 0 majora 0
Note: 0 52200 997 45 87 0 majora 32
Note: 4 52200 497 60 82 0 majora 0
Note: 4 52700 472 72 82 0 majora 0
Note: 12 52700 497 72 91 0 majora 26
Note: 3 53200 472 41 76 0 majora 0
Note: 4 53200 1897 60 82 0 majora 0
Note: 4 53200 2847 71 82 0 majora 0
Note: 0 53200 1497 41 87 0 majora 32
Note: 12 53200 1497 71 91 0 majora 26
Note: 4 53200 1897 65 82 0 majora 0
Note: 3 53700 472 48 76 0 majora 0
Note: 3 54200 947 57 76 0 majora 0
Note: 4 54700 472 72 83 0 majora 0
Note: 0 54700 247 41 87 0 majora 32
Note: 12 54700 497 72 91 0 majora 26
Note: 0 54950 247 40 87 0 majora 32
Note: 4 55200 1422 69 83 0 majora 0
Note: 12 55200 997 71 91 0 majora 26
Note: 4 55200 1897 60 83 0 majora 0
Note: 4 55200 1897 65 83 0 majora 0
Note: 0 55200 1997 38 87 0 majora 32
Note: 3 55200 472 38 77 0 majora 0
Note: 3 55700 472 45 77 0 majora 0
Note: 3 56200 947 53 77 0 majora 0
Note: 4 56700 472 69 83 0 majora 0
Note: 12 56950 247 69 91 0 majora 26
Note: 4 57200 1897 59 83 0 majora 0
Note: 12 57200 1747 67 91 0 majora 26
Note: 4 57200 1897 67 83 0 majora 0
Note: 4 57200 1897 62 83 0 majora 0
Note: 0 57200 1497 40 87 0 majora 32
Note: 3 57200 472 40 77 0 majora 0
Note: 3 57700 472 47 77 0 majora 0
Note: 3 58200 947 55 77 0 majora 0
Note: 0 58700 497 40 88 0 majora 32
Note: 4 58700 472 69 84 0 majora 0
Note: 12 58950 247 69 92 0 majora 26
Note: 0 59200 1497 45 88 0 majora 32
Note: 12 59200 1497 60 92 0 majora 26
Note: 4 59200 947 60 84 0 majora 0
Note: 5 59200 1997 57 85 0 majora 48
Note: 3 59200 472 45 77 0 majora 0
Note: 5 59700 497 59 85 0 majora 48
Note: 3 59700 472 52 77 0 majora 0
Note: 5 60200 4997 60 85 0 majora 48
Note: 3 60200 947 55 77 0 majora 0
Note: 4 60700 235 55 84 0 majora 0
Note: 12 60700 247 55 92 0 majora 26
Note: 0 60700 497 45 88 0 majora 32
Note: 4 60950 235 55 84 0 majora 0
Note: 12 60950 247 55 92 0 majora 26
Note: 4 61200 3797 60 84 0 majora 0
Note: 4 61200 3797 57 84 0 majora 0
Note: 12 61200 247 64 92 0 majora 26
Note: 4 61200 247 64 84 0 majora 0
Note: 0 61200 2997 43 88 0 majora 32
Note: 3 61200 472 43 77 0 majora 0
Note: 12 61450 247 62 92 0 majora 26
Note: 12 61700 1497 62 92 0 majora 26
Note: 4 61700 472 62 84 0 majora 0
Note: 3 61700 472 50 77 0 majora 0
Note: 4 62200 497 62 84 0 majora 0
Note: 3 62200 472 53 77 0 majora 0
Note: 3 62700 472 50 77 0 majora 0
Note: 3 63200 472 55 78 0 majora 0
Note: 3 63700 472 50 78 0 majora 0
Note: 3 64200 472 53 78 0 majora 0
Note: 4 64700 235 55 85 0 majora 0
Note: 0 64700 247 38 88 0 majora 32
Note: 12 64700 247 55 93 0 majora 26
Note: 3 64700 472 50 78 0 majora 0
Note: 4 64950 235 55 85 0 majora 0
Note: 12 64950 247 55 93 0 majora 26
Note: 0 64950 247 41 88 0 majora 32
Note: 4 65200 947 60 85 0 majora 0
Note: 3 65200 472 43 78 0 majora 0
Note: 5 65200 997 60 86 0 majora 48
Note: 0 65200 1997 43 88 0 majora 32
Note: 5 65200 997 64 86 0 majora 48
Note: 4 65200 947 57 85 0 majora 0
Note: 12 65200 497 64 93 0 majora 26
Note: 4 65200 3797 64 85 0 majora 0
Note: 4 65700 472 62 85 0 majora 0
Note: 12 65700 497 62 93 0 majora 26
Note: 3 65700 472 50 78 0 majora 0
Note: 4 66200 497 62 85 0 majora 0
Note: 12 66200 1997 62 93 0 majora 26
Note: 4 66200 947 59 85 0 majora 0
Note: 5 66200 997 62 86 0 majora 48
Note: 5 66200 997 59 86 0 majora 48
Note: 3 66200 472 53 78 0 majora 0
Note: 4 66200 947 55 85 0 majora 0
Note: 3 66700 472 50 78 0 majora 0
Note: 4 67200 947 57 86 0 majora 0
Note: 5 67200 997 57 86 0 majora 48
Note: 4 67200 947 60 86 0 majora 0
Note: 5 67200 997 60 86 0 majora 48
Note: 0 67200 997 31 89 0 majora 32
Note: 3 67200 472 55 78 0 majora 0
Note: 3 67700 472 50 78 0 majora 0
Note: 4 68200 947 59 86 0 majora 0
Note: 4 68200 947 62 86 0 majora 0
Note: 8 68200 997 67 86 0 majora 48
Note: 5 68200 997 59 86 0 majora 48
Note: 5 68200 997 62 86 0 majora 48
Note: 0 68200 997 31 89 0 majora 32
Note: 3 68200 472 53 78 0 majora 0
Note: 4 68700 472 67 86 0 majora 0
Note: 3 68700 472 50 78 0 majora 0
Note: 12 68950 247 67 93 0 majora 26
Note: 4 69200 947 62 86 0 majora 0
Note: 4 69200 947 67 86 0 majora 0
Note: 5 69200 5997 60 86 0 majora 48
Note: 4 69200 947 64 86 0 majora 0
Note: 5 69200 1997 55 86 0 majora 48
Note: 5 69200 1997 64 86 0 majora 48
Note: 8 69200 5997 67 86 0 majora 48
Note: 12 69200 1497 67 93 0 majora 26
Note: 0 69200 1497 36 89 0 majora 32
Note: 3 69200 472 48 78 0 majora 0
Note: 3 69700 947 55 78 0 majora 0
Note: 4 70200 2847 64 86 0 majora 0
Note: 4 70200 947 67 86 0 majora 0
Note: 4 70200 947 62 86 0 majora 0
Note: 0 70700 497 36 89 0 majora 32
Note: 3 70700 472 55 78 0 majora 0
Note: 12 70950 247 69 94 0 majora 26
Note: 4 71200 947 65 87 0 majora 0
Note: 5 71200 1997 65 87 0 majora 48
Note: 5 71200 1997 57 87 0 majora 48
Note: 12 71200 1497 65 94 0 majora 26
Note: 4 71200 947 62 87 0 majora 0
Note: 0 71200 1497 43 89 0 majora 32
Note: 4 71200 947 60 87 0 majora 0
Note: 3 71200 472 43 78 0 majora 0
Note: 3 71700 947 55 79 0 majora 0
Note: 4 72200 947 60 87 0 majora 0
Note: 4 72200 947 62 87 0 majora 0
Note: 4 72200 947 65 87 0 majora 0
Note: 3 72700 472 55 79 0 majora 0
Note: 0 72700 497 43 89 0 majora 32
Note: 12 72950 247 67 94 0 majora 26
Note: 3 73200 472 48 79 0 majora 0
Note: 4 73200 947 67 87 0 majora 0
Note: 4 73200 947 64 87 0 majora 0
Note: 5 73200 1997 55 87 0 majora 48
Note: 5 73200 1997 64 87 0 majora 48
Note: 4 73200 947 62 87 0 majora 0
Note: 12 73200 1997 64 94 0 majora 26
Note: 0 73200 1997 36 90 0 majora 32
Note: 3 73700 947 55 79 0 majora 0
Note: 4 74200 947 67 87 0 majora 0
Note: 4 74200 1500 64 87 0 majora 0
Note: 4 74200 947 62 87 0 majora 0
Note: 3 74700 472 55 79 0 majora 0
Note: 3 75200 472 43 79 0 majora 0
Note: 4 75200 497 62 88 0 majora 0
Note: 5 75200 497 50 87 0 majora 48
Note: 5 75200 497 62 87 0 majora 48
Note: 4 75200 947 60 88 0 majora 0
Note: 0 75200 1497 43 90 0 majora 32
Note: 3 75700 947 55 79 0 majora 0
Note: 4 75700 1422 64 88 0 majora 0
Note: 5 75700 497 64 87 0 majora 48
Note: 5 75700 497 52 87 0 majora 48
Note: 4 76200 472 65 88 0 majora 0
Note: 5 76200 497 53 87 0 majora 48
Note: 5 76200 497 65 87 0 majora 48
Note: 4 76200 497 62 88 0 majora 0
Note: 4 76200 497 60 88 0 majora 0
Note: 3 76700 472 55 79 0 majora 0
Note: 4 76700 472 67 88 0 majora 0
Note: 5 76700 497 57 87 0 majora 48
Note: 8 76700 497 69 88 0 majora 48
Note: 12 76700 497 67 94 0 majora 26
Note: 0 76700 497 43 90 0 majora 32
Note: 3 77200 472 48 79 0 majora 0
Note: 4 77200 947 67 88 0 majora 0
Note: 4 77200 947 62 88 0 majora 0
Note: 12 77200 1497 67 95 0 majora 26
Note: 4 77200 947 64 88 0 majora 0
Note: 8 77200 1497 67 88 0 majora 48
Note: 5 77200 1497 55 87 0 majora 48
Note: 0 77200 1497 36 90 0 majora 32
Note: 3 77700 947 55 79 0 majora 0
Note: 4 78200 2847 64 88 0 majora 0
Note: 4 78200 947 67 88 0 majora 0
Note: 4 78200 947 62 88 0 majora 0
Note: 3 78700 472 55 79 0 majora 0
Note: 8 78700 497 69 88 0 majora 48
Note: 5 78700 497 57 88 0 majora 48
Note: 0 78700 497 36 90 0 majora 32
Note: 12 78950 247 69 95 0 majora 26
Note: 3 79200 472 43 79 0 majora 0
Note: 4 79200 947 65 89 0 majora 0
Note: 5 79200 1997 65 88 0 majora 48
Note: 12 79200 1497 65 95 0 majora 26
Note: 0 79200 1497 43 90 0 majora 32
Note: 5 79200 1997 53 88 0 majora 48
Note: 4 79200 947 62 89 0 majora 0
Note: 4 79200 947 60 89 0 majora 0
Note: 3 79700 947 55 79 0 majora 0
Note: 4 80200 947 65 89 0 majora 0
Note: 4 80200 947 62 89 0 majora 0
Note: 4 80200 947 60 89 0 majora 0
Note: 0 80700 497 43 91 0 majora 32
Note: 5 80700 2497 55 88 0 majora 48
Note: 3 80700 472 55 80 0 majora 0
Note: 8 80700 497 67 88 0 majora 48
Note: 12 80950 247 64 95 0 majora 26
Note: 12 81200 1997 64 95 0 majora 26
Note: 3 81200 472 48 80 0 majora 0
Note: 0 81200 1997 36 91 0 majora 32
Note: 4 81200 947 67 89 0 majora 0
Note: 4 81200 947 62 89 0 majora 0
Note: 4 81200 1897 64 89 0 majora 0
Note: 5 81200 1497 64 88 0 majora 48
Note: 3 81700 947 55 80 0 majora 0
Note: 4 82200 947 62 89 0 majora 0
Note: 3 82700 472 55 80 0 majora 0
Note: 5 82700 497 60 88 0 majora 48
Note: 3 83200 947 47 80 0 majora 0
Note: 0 83200 997 47 91 0 majora 32
Note: 4 83200 9497 64 90 0 majora 0
Note: 5 83200 497 59 88 0 majora 48
Note: 4 83200 472 62 90 0 majora 0
Note: 5 83200 497 64 88 0 majora 48
Note: 4 83700 472 67 90 0 majora 0
Note: 4 84200 497 60 90 0 majora 0
Note: 3 84200 947 57 80 0 majora 0
Note: 0 84200 997 45 91 0 majora 32
Note: 4 84200 472 69 90 0 majora 0
Note: 5 84200 4997 60 88 0 majora 48
Note: 3 84200 947 45 80 0 majora 0
Note: 5 84200 4997 57 88 0 majora 48
Note: 4 84700 472 72 90 0 majora 0
Note: 12 84700 497 72 96 0 majora 26
Note: 4 85200 1897 60 90 0 majora 0
Note: 4 85200 1897 65 90 0 majora 0
Note: 0 85200 1497 41 91 0 majora 32
Note: 3 85200 472 41 80 0 majora 0
Note: 4 85200 2847 71 90 0 majora 0
Note: 12 85200 1497 71 96 0 majora 26
Note: 3 85700 472 48 80 0 majora 0
Note: 3 86200 947 57 80 0 majora 0
Note: 0 86700 247 41 91 0 majora 32
Note: 4 86700 472 72 90 0 majora 0
Note: 12 86700 497 72 96 0 majora 26
Note: 0 86950 247 40 91 0 majora 32
Note: 3 87200 472 38 80 0 majora 0
Note: 4 87200 1422 69 91 0 majora 0
Note: 12 87200 997 71 96 0 majora 26
Note: 0 87200 1997 38 92 0 majora 32
Note: 4 87200 1897 60 91 0 majora 0
Note: 4 87200 1897 65 91 0 majora 0
Note: 3 87700 472 45 80 0 majora 0
Note: 3 88200 947 53 80 0 majora 0
Note: 4 88700 472 69 91 0 majora 0
Note: 12 88950 247 69 97 0 majora 26
Note: 4 89200 1897 67 91 0 majora 0
Note: 3 89200 472 40 81 0 majora 0
Note: 5 89200 1997 62 89 0 majora 48
Note: 4 89200 1897 59 91 0 majora 0
Note: 4 89200 1897 62 91 0 majora 0
Note: 5 89200 1997 59 89 0 majora 48
Note: 0 89200 1497 40 92 0 majora 32
Note: 12 89200 1747 67 97 0 majora 26
Note: 3 89700 472 47 81 0 majora 0
Note: 3 90200 947 55 81 0 majora 0
Note: 0 90700 497 40 92 0 majora 32
Note: 4 90700 472 69 91 0 majora 0
Note: 12 90950 247 69 97 0 majora 26
Note: 0 91200 1497 45 92 0 majora 32
Note: 4 91200 947 60 92 0 majora 0
Note: 3 91200 472 45 81 0 majora 0
Note: 12 91200 1497 60 97 0 majora 26
Note: 5 91200 2997 64 89 0 majora 48
Note: 5 91200 1997 60 89 0 majora 48
Note: 3 91700 472 52 81 0 majora 0
Note: 3 92200 947 55 81 0 majora 0
Note: 0 92700 497 45 92 0 majora 32
Note: 12 92700 247 55 97 0 majora 26
Note: 4 92700 235 55 92 0 majora 0
Note: 12 92950 247 55 97 0 majora 26
Note: 4 92950 235 55 92 0 majora 0
Note: 4 93200 3797 60 92 0 majora 0
Note: 4 93200 3797 57 92 0 majora 0
Note: 3 93200 472 43 81 0 majora 0
Note: 4 93200 247 64 92 0 majora 0
Note: 5 93200 997 57 89 0 majora 48
Note: 12 93200 497 64 97 0 majora 26
Note: 0 93200 2997 43 92 0 majora 32
Note: 4 93700 472 62 92 0 majora 0
Note: 3 93700 472 50 81 0 majora 0
Note: 12 93700 497 62 97 0 majora 26
Note: 5 94200 2997 62 90 0 majora 48
Note: 3 94200 472 53 81 0 majora 0
Note: 4 94200 497 62 92 0 majora 0
Note: 5 94200 2997 53 90 0 majora 48
Note: 12 94200 997 62 97 0 majora 26
Note: 3 94700 472 50 81 0 majora 0
Note: 3 95200 472 55 81 0 majora 0
Note: 3 95700 472 50 81 0 majora 0
Note: 3 96200 472 53 81 0 majora 0
Note: 4 96700 235 55 93 0 majora 0
Note: 3 96700 472 50 82 0 majora 0
Note: 12 96700 247 55 98 0 majora 26
Note: 0 96700 247 38 93 0 majora 32
Note: 0 96950 247 41 93 0 majora 32
Note: 4 96950 235 55 93 0 majora 0
Note: 12 96950 247 55 98 0 majora 26
Note: 12 97200 497 64 98 0 majora 26
Note: 4 97200 4747 64 93 0 majora 0
Note: 5 97200 997 64 90 0 majora 48
Note: 5 97200 997 57 90 0 majora 48
Note: 3 97200 472 43 82 0 majora 0
Note: 0 97200 1997 43 93 0 majora 32
Note: 4 97200 947 60 93 0 majora 0
Note: 5 97200 997 60 90 0 majora 48
Note: 4 97200 947 57 93 0 majora 0
Note: 4 97700 472 62 93 0 majora 0
Note: 12 97700 497 62 98 0 majora 26
Note: 3 97700 472 50 82 0 majora 0
Note: 4 98200 947 59 93 0 majora 0
Note: 4 98200 947 55 93 0 majora 0
Note: 5 98200 997 62 90 0 majora 48
Note: 4 98200 497 62 93 0 majora 0
Note: 5 98200 997 59 90 0 majora 48
Note: 3 98200 472 53 82 0 majora 0
Note: 5 98200 997 55 90 0 majora 48
Note: 12 98200 997 62 98 0 majora 26
Note: 3 98700 472 50 82 0 majora 0
Note: 4 99200 947 60 94 0 majora 0
Note: 5 99200 1997 57 90 0 majora 48
Note: 5 99200 1997 60 90 0 majora 48
Note: 5 99200 497 53 90 0 majora 48
Note: 3 99200 472 55 82 0 majora 0
Note: 0 99200 997 31 93 0 majora 32
Note: 4 99200 947 57 94 0 majora 0
Note: 3 99700 472 50 82 0 majora 0
Note: 5 99700 497 52 90 0 majora 48
Note: 4 100200 947 59 94 0 majora 0
Note: 4 100200 947 62 94 0 majora 0
Note: 5 100200 497 53 90 0 majora 48
Note: 3 100200 472 53 82 0 majora 0
Note: 0 100200 997 31 93 0 majora 32
Note: 3 100700 472 50 82 0 majora 0
Note: 4 100700 472 67 94 0 majora 0
Note: 5 100700 497 55 90 0 majora 48
Note: 12 100950 247 59 99 0 majora 26
Note: 12 101200 1997 60 99 0 majora 26
Note: 5 101200 4497 55 91 0 majora 48
Note: 5 101200 3997 60 91 0 majora 48
Note: 3 101200 472 36 82 0 majora 0
Note: 4 101200 1897 60 94 0 majora 0
Note: 0 101200 3997 36 93 0 majora 32
Note: 3 101700 947 55 82 0 majora 0
Note: 4 102200 947 62 94 0 majora 0
Note: 4 102200 947 67 94 0 majora 0
Note: 4 102200 947 64 94 0 majora 0
Note: 3 102700 947 55 82 0 majora 0
Note: 4 103200 947 62 95 0 majora 0
Note: 4 103200 947 67 95 0 majora 0
Note: 4 103200 947 64 95 0 majora 0
Note: 3 103700 947 55 82 0 majora 0
Note: 4 104200 947 67 95 0 majora 0
Note: 4 104200 947 62 95 0 majora 0
Note: 4 104200 947 64 95 0 majora 0
Note: 3 104700 472 55 82 0 majora 0
Note: 5 104950 247 36 91 0 majora 48
Note: 5 105200 4997 36 91 0 majora 48
Note: 4 105200 947 67 95 0 majora 0
Note: 4 105200 947 64 95 0 majora 0
Note: 4 105200 947 62 95 0 majora 0
Note: 3 105200 472 36 83 0 majora 0
Note: 0 105200 3997 36 94 0 majora 32
Note: 5 105700 497 55 91 0 majora 48
Note: 3 105700 947 55 83 0 majora 0
Note: 4 106200 947 67 95 0 majora 0
Note: 5 106200 497 62 91 0 majora 48
Note: 4 106200 947 62 95 0 majora 0
Note: 4 106200 947 64 95 0 majora 0
Note: 5 106700 497 60 91 0 majora 48
Note: 3 106700 947 55 83 0 majora 0
Note: 4 107200 947 67 96 0 majora 0
Note: 5 107200 247 65 91 0 majora 48
Note: 4 107200 947 62 96 0 majora 0
Note: 4 107200 947 64 96 0 majora 0
Note: 5 107200 247 57 91 0 majora 48
Note: 5 107450 247 64 91 0 majora 48
Note: 5 107450 247 55 91 0 majora 48
Note: 3 107700 947 55 83 0 majora 0
Note: 5 107700 497 55 91 0 majora 48
Note: 5 107700 497 60 91 0 majora 48
Note: 4 108200 947 67 96 0 majora 0
Note: 5 108200 497 55 91 0 majora 48
Note: 5 108200 497 52 91 0 majora 48
Note: 4 108200 7597 64 96 0 majora 0
Note: 4 108200 947 62 96 0 majora 0
Note: 4 108700 472 60 96 0 majora 0
Note: 5 108700 497 60 92 0 majora 48
Note: 5 108700 497 55 92 0 majora 48
Note: 3 108700 472 55 83 0 majora 0
Note: 4 109200 1897 69 96 0 majora 0
Note: 0 109200 1497 41 95 0 majora 32
Note: 5 109200 1997 57 92 0 majora 48
Note: 8 109200 1997 69 93 0 majora 48
Note: 4 109200 1897 60 96 0 majora 0
Note: 3 109200 472 41 83 0 majora 0
Note: 4 109200 1897 65 96 0 majora 0
Note: 8 109200 1997 72 93 0 majora 48
Note: 3 109700 472 48 83 0 majora 0
Note: 3 110200 947 57 83 0 majora 0
Note: 12 110200 497 60 100 0 majora 26
Note: 0 110700 497 41 95 0 majora 32
Note: 12 110700 497 60 100 0 majora 26
Note: 4 111200 247 71 97 0 majora 0
Note: 5 111200 997 59 92 0 majora 48
Note: 0 111200 1497 40 95 0 majora 32
Note: 8 111200 247 67 93 0 majora 48
Note: 3 111200 472 40 83 0 majora 0
Note: 4 111200 1660 62 97 0 majora 0
Note: 4 111200 1660 67 97 0 majora 0
Note: 8 111200 247 71 93 0 majora 48
Note: 12 111200 247 59 100 0 majora 26
Note: 8 111450 247 69 93 0 majora 48
Note: 8 111450 247 72 93 0 majora 48
Note: 12 111450 247 60 100 0 majora 26
Note: 8 111700 1497 74 93 0 majora 48
Note: 4 111700 472 72 97 0 majora 0
Note: 8 111700 1497 71 93 0 majora 48
Note: 12 111700 497 62 100 0 majora 26
Note: 3 111700 472 47 83 0 majora 0
Note: 4 112200 472 74 97 0 majora 0
Note: 3 112200 947 55 83 0 majora 0
Note: 5 112200 997 62 92 0 majora 48
Note: 12 112200 497 59 100 0 majora 26
Note: 0 112700 497 40 95 0 majora 32
Note: 4 112700 235 71 97 0 majora 0
Note: 4 112950 235 67 97 0 majora 0
Note: 4 112950 235 62 97 0 majora 0
Note: 4 113200 1897 69 97 0 majora 0
Note: 5 113200 1997 57 92 0 majora 48
Note: 0 113200 1497 41 95 0 majora 32
Note: 8 113200 1997 69 93 0 majora 48
Note: 4 113200 1897 60 97 0 majora 0
Note: 4 113200 1897 65 97 0 majora 0
Note: 5 113200 1997 60 92 0 majora 48
Note: 3 113200 472 41 83 0 majora 0
Note: 12 113450 247 48 101 0 majora 26
Note: 3 113700 472 48 84 0 majora 0
Note: 12 113700 247 60 101 0 majora 26
Note: 12 113950 247 57 101 0 majora 26
Note: 12 114200 247 60 101 0 majora 26
Note: 3 114200 947 57 84 0 majora 0
Note: 12 114450 247 57 101 0 majora 26
Note: 12 114700 747 59 101 0 majora 26
Note: 0 114700 497 41 95 0 majora 32
Note: 5 115200 997 55 92 0 majora 48
Note: 8 115200 497 67 94 0 majora 48
Note: 8 115200 497 71 94 0 majora 48
Note: 4 115200 1897 59 98 0 majora 0
Note: 3 115200 947 55 84 0 majora 0
Note: 0 115200 997 43 95 0 majora 32
Note: 8 115700 497 74 94 0 majora 48
Note: 8 115700 497 71 94 0 majora 48
Note: 4 115700 1422 62 98 0 majora 0
Note: 3 116200 947 55 84 0 majora 0
Note: 0 116200 997 36 96 0 majora 32
Note: 8 116200 497 72 94 0 majora 48
Note: 8 116200 497 76 94 0 majora 48
Note: 4 116200 10447 64 98 0 majora 0
Note: 3 116200 947 48 84 0 majora 0
Note: 5 116700 497 64 93 0 majora 48
Note: 4 116700 472 67 98 0 majora 0
Note: 8 116700 497 67 94 0 majora 48
Note: 8 116700 497 79 94 0 majora 48
Note: 4 117200 1897 69 98 0 majora 0
Note: 3 117200 472 41 84 0 majora 0
Note: 8 117200 1997 69 94 0 majora 48
Note: 8 117200 1997 77 94 0 majora 48
Note: 4 117200 1897 60 98 0 majora 0
Note: 4 117200 1897 65 98 0 majora 0
Note: 8 117200 1997 81 94 0 majora 48
Note: 0 117200 1497 41 96 0 majora 32
Note: 3 117700 472 48 84 0 majora 0
Note: 12 117700 247 60 101 0 majora 26
Note: 12 117950 247 60 101 0 majora 26
Note: 3 118200 947 57 84 0 majora 0
Note: 12 118200 747 60 101 0 majora 26
Note: 0 118700 497 41 96 0 majora 32
Note: 12 118950 247 60 102 0 majora 26
Note: 5 119200 1997 59 93 0 majora 48
Note: 3 119200 472 40 84 0 majora 0
Note: 0 119200 1497 40 96 0 majora 32
Note: 4 119200 472 71 99 0 majora 0
Note: 4 119200 1897 67 99 0 majora 0
Note: 8 119200 1997 79 94 0 majora 48
Note: 8 119200 1997 83 94 0 majora 48
Note: 4 119200 1897 62 99 0 majora 0
Note: 12 119200 497 59 102 0 majora 26
Note: 3 119700 472 47 84 0 majora 0
Note: 4 119700 472 72 99 0 majora 0
Note: 12 119700 247 60 102 0 majora 26
Note: 12 119950 747 62 102 0 majora 26
Note: 3 120200 947 55 84 0 majora 0
Note: 4 120200 472 74 99 0 majora 0
Note: 0 120700 497 40 96 0 majora 32
Note: 4 120700 472 71 99 0 majora 0
Note: 12 120700 497 59 102 0 majora 26
Note: 12 121200 997 60 102 0 majora 26
Note: 5 121200 997 60 93 0 majora 48
Note: 3 121200 472 38 84 0 majora 0
Note: 8 121200 2997 81 95 0 majora 48
Note: 4 121200 947 72 99 0 majora 0
Note: 8 121200 2997 84 95 0 majora 48
Note: 0 121200 1997 38 96 0 majora 32
Note: 4 121200 1422 60 99 0 majora 0
Note: 4 121200 1422 65 99 0 majora 0
Note: 3 121700 472 45 85 0 majora 0
Note: 5 122200 497 65 93 0 majora 48
Note: 3 122200 947 53 85 0 majora 0
Note: 5 122700 497 64 93 0 majora 48
Note: 4 122700 472 60 99 0 majora 0
Note: 4 122700 472 65 99 0 majora 0
Note: 3 123200 947 50 85 0 majora 0
Note: 5 123200 997 62 93 0 majora 48
Note: 4 123200 497 62 100 0 majora 0
Note: 4 123200 497 72 100 0 majora 0
Note: 0 123200 997 43 97 0 majora 32
Note: 4 123200 497 67 100 0 majora 0
Note: 3 123200 947 43 85 0 majora 0
Note: 4 123700 747 62 100 0 majora 0
Note: 5 124200 747 59 94 0 majora 48
Note: 3 124200 947 41 85 0 majora 0
Note: 8 124200 747 79 95 0 majora 48
Note: 8 124200 747 83 95 0 majora 48
Note: 4 124200 472 71 100 0 majora 0
Note: 0 124200 997 41 97 0 majora 32
Note: 4 124200 497 67 100 0 majora 0
Note: 4 124700 235 62 100 0 majora 0
Note: 5 124950 247 60 94 0 majora 48
Note: 8 124950 247 84 95 0 majora 48
Note: 8 124950 247 81 95 0 majora 48
Note: 4 124950 235 72 100 0 majora 0
Note: 5 125200 1997 62 94 0 majora 48
Note: 3 125200 472 40 85 0 majora 0
Note: 8 125200 1997 83 95 0 majora 48
Note: 8 125200 1997 86 95 0 majora 48
Note: 4 125200 1422 67 100 0 majora 0
Note: 0 125200 1497 40 97 0 majora 32
Note: 4 125200 1422 62 100 0 majora 0
Note: 3 125700 472 47 85 0 majora 0
Note: 3 126200 947 55 85 0 majora 0
Note: 12 126200 247 62 103 0 majora 26
Note: 12 126450 747 59 103 0 majora 26
Note: 4 126700 472 67 100 0 majora 0
Note: 0 126700 497 40 97 0 majora 32
Note: 4 126700 472 62 100 0 majora 0
Note: 4 127200 947 72 101 0 majora 0
Note: 3 127200 472 45 85 0 majora 0
Note: 8 127200 997 72 96 0 majora 48
Note: 0 127200 1497 45 97 0 majora 32
Note: 8 127200 997 81 96 0 majora 48
Note: 12 127200 247 60 103 0 majora 26
Note: 4 127200 1422 64 101 0 majora 0
Note: 4 127200 1422 69 101 0 majora 0
Note: 5 127200 997 60 94 0 majora 48
Note: 12 127450 247 59 103 0 majora 26
Note: 3 127700 472 52 85 0 majora 0
Note: 12 127700 997 60 103 0 majora 26
Note: 5 128199 997 64 94 0 majora 48
Note: 8 128199 997 84 96 0 majora 48
Note: 3 128199 947 60 85 0 majora 0
Note: 8 128199 997 88 96 0 majora 48
Note: 0 128699 497 45 97 0 majora 32
Note: 4 128699 472 72 101 0 majora 0
Note: 12 128699 247 60 103 0 majora 26
Note: 4 128699 472 64 101 0 majora 0
Note: 12 128949 247 57 103 0 majora 26
Note: 5 129199 1997 62 94 0 majora 48
Note: 4 129199 1422 71 101 0 majora 0
Note: 4 129199 1422 67 101 0 majora 0
Note: 3 129199 472 40 85 0 majora 0
Note: 8 129199 1997 83 96 0 majora 48
Note: 12 129199 497 62 103 0 majora 26
Note: 0 129199 1497 40 97 0 majora 32
Note: 4 129199 1422 64 101 0 majora 0
Note: 8 129199 1997 86 96 0 majora 48
Note: 3 129699 472 47 85 0 majora 0
Note: 12 129699 997 59 103 0 majora 26
Note: 3 130199 947 55 86 0 majora 0
Note: 4 130699 472 71 101 0 majora 0
Note: 0 130699 497 40 98 0 majora 32
Note: 12 130699 247 62 103 0 majora 26
Note: 4 130699 472 64 101 0 majora 0
Note: 12 130949 247 59 103 0 majora 26
Note: 5 131200 1997 60 94 0 majora 48
Note: 3 131200 472 45 86 0 majora 0
Note: 8 131200 1997 84 96 0 majora 48
Note: 8 131200 1997 81 96 0 majora 48
Note: 12 131200 997 60 104 0 majora 26
Note: 0 131200 1497 45 98 0 majora 32
Note: 4 131200 497 69 101 0 majora 0
Note: 4 131200 4500 64 101 0 majora 0
Note: 4 131200 472 72 101 0 majora 0
Note: 3 131700 472 52 86 0 majora 0
Note: 4 131700 472 71 102 0 majora 0
Note: 4 132200 472 69 102 0 majora 0
Note: 3 132200 947 60 86 0 majora 0
Note: 4 132700 472 67 102 0 majora 0
Note: 0 132700 497 45 98 0 majora 32
Note: 8 133200 1997 83 97 0 majora 48
Note: 8 133200 1997 79 97 0 majora 48
Note: 5 133200 1997 59 95 0 majora 48
Note: 4 133200 1897 67 102 0 majora 0
Note: 3 133200 472 40 86 0 majora 0
Note: 0 133200 1997 40 98 0 majora 32
Note: 4 133200 1897 62 102 0 majora 0
Note: 12 133450 247 47 104 0 majora 26
Note: 3 133700 472 47 86 0 majora 0
Note: 12 133700 497 59 104 0 majora 26
Note: 3 134200 947 55 86 0 majora 0
Note: 12 134200 331 59 104 0 majora 26
Note: 12 134533 331 59 104 0 majora 26
Note: 12 134866 331 57 104 0 majora 26
Note: 5 135200 1997 57 95 0 majora 48
Note: 3 135200 472 45 86 0 majora 0
Note: 8 135200 1997 81 97 0 majora 48
Note: 8 135200 42130 76 97 0 majora 48
Note: 0 135200 997 33 98 0 majora 32
Note: 4 135200 947 60 102 0 majora 0
Note: 4 135700 5786 64 103 0 majora 0
Note: 3 135700 472 52 86 0 majora 0
Note: 3 136200 947 57 86 0 majora 0
Note: 4 136200 947 60 103 0 majora 0
Note: 0 136200 997 33 98 0 majora 32
Note: 4 136700 472 57 103 0 majora 0
Note: 12 136950 247 45 104 0 majora 26
Note: 5 137200 533 57 95 0 majora 48
Note: 3 137200 506 38 86 0 majora 0
Note: 8 137200 2180 81 97 0 majora 48
Note: 0 137200 2180 38 99 0 majora 32
Note: 8 137200 2180 77 97 0 majora 48
Note: 4 137200 2069 69 103 0 majora 0
Note: 12 137200 533 57 105 0 majora 26
Note: 4 137200 2069 60 103 0 majora 0
Note: 4 137200 2069 65 103 0 majora 0
Note: 5 137735 533 57 95 0 majora 48
Note: 12 137735 1366 57 105 0 majora 26
Note: 3 137735 506 45 86 0 majora 0
Note: 3 138271 1053 50 86 0 majora 0
Note: 5 138271 553 65 95 0 majora 48
Note: 5 138826 553 64 95 0 majora 48
Note: 12 139104 275 53 105 0 majora 26
Note: 5 139382 2447 55 95 0 majora 48
Note: 5 139382 2447 59 95 0 majora 48
Note: 5 139382 2447 62 95 0 majora 48
Note: 4 139382 1728 67 103 0 majora 0
Note: 3 139382 2322 53 87 0 majora 0
Note: 8 139382 2447 74 98 0 majora 48
Note: 8 139382 2447 79 98 0 majora 48
Note: 12 139382 1197 55 105 0 majora 26
Note: 0 139382 2447 31 99 0 majora 32
Note: 4 139382 1728 59 103 0 majora 0
Note: 4 139382 1728 62 103 0 majora 0
Note: 3 139382 2322 43 87 0 majora 0
Note: 4 141207 591 67 104 0 majora 0
Note: 12 141207 622 55 105 0 majora 26
Note: 4 141207 591 55 104 0 majora 0
Note: 5 141832 5997 55 96 0 majora 48
Note: 3 141832 472 48 87 0 majora 0
Note: 8 141832 5997 79 98 0 majora 48
Note: 4 141832 947 67 104 0 majora 0
Note: 12 141832 1497 55 105 0 majora 26
Note: 0 141832 1497 36 99 0 majora 32
Note: 4 141832 947 62 104 0 majora 0
Note: 4 141832 947 64 104 0 majora 0
Note: 3 142332 947 55 87 0 majora 0
Note: 4 142832 947 67 104 0 majora 0
Note: 4 142832 2847 64 104 0 majora 0
Note: 4 142832 947 62 104 0 majora 0
Note: 3 143332 472 55 87 0 majora 0
Note: 0 143332 497 36 99 0 majora 32
Note: 12 143582 247 57 105 0 majora 26
Note: 4 143832 947 65 104 0 majora 0
Note: 3 143832 472 43 87 0 majora 0
Note: 12 143832 1497 53 106 0 majora 26
Note: 4 143832 947 60 104 0 majora 0
Note: 4 143832 947 62 104 0 majora 0
Note: 0 143832 1497 43 99 0 majora 32
Note: 3 144332 947 55 87 0 majora 0
Note: 4 144832 947 65 105 0 majora 0
Note: 4 144832 947 60 105 0 majora 0
Note: 4 144832 947 62 105 0 majora 0
Note: 3 145332 472 55 87 0 majora 0
Note: 0 145332 497 43 100 0 majora 32
Note: 12 145582 247 55 106 0 majora 26
Note: 12 145832 1997 52 106 0 majora 26
Note: 4 145832 947 67 105 0 majora 0
Note: 3 145832 472 48 87 0 majora 0
Note: 0 145832 1997 36 100 0 majora 32
Note: 4 145832 947 62 105 0 majora 0
Note: 4 145832 947 64 105 0 majora 0
Note: 3 146332 947 55 87 0 majora 0
Note: 4 146832 947 67 105 0 majora 0
Note: 4 146832 1500 64 105 0 majora 0
Note: 4 146832 947 62 105 0 majora 0
Note: 3 147332 472 55 87 0 majora 0
Note: 8 147332 1497 72 99 0 majora 48
Note: 5 147832 497 57 97 0 majora 48
Note: 4 147832 497 62 105 0 majora 0
Note: 3 147832 472 43 88 0 majora 0
Note: 8 147832 497 69 99 0 majora 48
Note: 0 147832 1497 43 100 0 majora 32
Note: 4 147832 497 60 105 0 majora 0
Note: 5 148332 497 59 97 0 majora 48
Note: 4 148332 1422 64 106 0 majora 0
Note: 3 148332 947 55 88 0 majora 0
Note: 8 148332 497 71 99 0 majora 48
Note: 5 148832 497 60 97 0 majora 48
Note: 4 148832 472 65 106 0 majora 0
Note: 8 148832 4997 72 99 0 majora 48
Note: 4 148832 497 60 106 0 majora 0
Note: 4 148832 497 62 106 0 majora 0
Note: 4 149332 472 67 106 0 majora 0
Note: 3 149332 472 55 88 0 majora 0
Note: 12 149332 497 55 106 0 majora 26
Note: 5 149332 497 59 97 0 majora 48
Note: 0 149332 497 43 100 0 majora 32
Note: 8 149832 3997 67 99 0 majora 48
Note: 5 149832 1497 55 97 0 majora 48
Note: 5 149832 1497 64 97 0 majora 48
Note: 3 149832 472 48 88 0 majora 0
Note: 12 149832 1497 55 107 0 majora 26
Note: 4 149832 947 62 106 0 majora 0
Note: 4 149832 947 64 106 0 majora 0
Note: 0 149832 1497 36 100 0 majora 32
Note: 4 149832 947 67 106 0 majora 0
Note: 3 150332 947 55 88 0 majora 0
Note: 4 150832 947 67 106 0 majora 0
Note: 4 150832 2847 64 106 0 majora 0
Note: 4 150832 947 62 106 0 majora 0
Note: 3 151332 472 55 88 0 majora 0
Note: 5 151332 497 57 97 0 majora 48
Note: 5 151332 497 65 97 0 majora 48
Note: 0 151332 497 36 100 0 majora 32
Note: 12 151582 247 57 107 0 majora 26
Note: 5 151832 1997 53 97 0 majora 48
Note: 4 151832 947 65 106 0 majora 0
Note: 5 151832 1997 62 97 0 majora 48
Note: 3 151832 472 43 88 0 majora 0
Note: 12 151832 1497 53 107 0 majora 26
Note: 4 151832 947 60 106 0 majora 0
Note: 4 151832 947 62 106 0 majora 0
Note: 0 151832 1497 43 101 0 majora 32
Note: 3 152332 947 55 88 0 majora 0
Note: 4 152832 947 65 107 0 majora 0
Note: 4 152832 947 60 107 0 majora 0
Note: 4 152832 947 62 107 0 majora 0
Note: 5 153332 497 55 97 0 majora 48
Note: 3 153332 472 55 88 0 majora 0
Note: 0 153332 497 43 101 0 majora 32
Note: 12 153582 247 52 107 0 majora 26
Note: 5 153832 1997 55 97 0 majora 48
Note: 5 153832 1997 60 97 0 majora 48
Note: 5 153832 1997 64 97 0 majora 48
Note: 4 153832 947 67 107 0 majora 0
Note: 3 153832 472 48 88 0 majora 0
Note: 12 153832 1997 52 107 0 majora 26
Note: 4 153832 1897 64 107 0 majora 0
Note: 4 153832 947 62 107 0 majora 0
Note: 0 153832 1997 36 101 0 majora 32
Note: 3 154332 947 55 88 0 majora 0
Note: 4 154832 947 62 107 0 majora 0
Note: 3 155332 472 55 88 0 majora 0
Note: 5 155832 747 59 98 0 majora 48
Note: 4 155832 9497 64 107 0 majora 0
Note: 8 155832 5997 67 100 0 majora 48
Note: 3 155832 947 47 89 0 majora 0
Note: 4 155832 472 62 107 0 majora 0
Note: 5 155832 497 55 98 0 majora 48
Note: 0 155832 997 47 101 0 majora 32
Note: 5 156332 247 57 98 0 majora 48
Note: 4 156332 472 67 108 0 majora 0
Note: 5 156582 247 59 98 0 majora 48
Note: 5 156832 247 60 98 0 majora 48
Note: 4 156832 472 69 108 0 majora 0
Note: 3 156832 947 57 89 0 majora 0
Note: 8 156832 997 69 101 0 majora 48
Note: 4 156832 497 60 108 0 majora 0
Note: 0 156832 997 45 101 0 majora 32
Note: 3 156832 947 45 89 0 majora 0
Note: 5 157082 247 59 98 0 majora 48
Note: 5 157332 497 60 98 0 majora 48
Note: 4 157332 472 72 108 0 majora 0
Note: 12 157332 497 60 108 0 majora 26
Note: 5 157582 247 64 98 0 majora 48
Note: 5 157832 3997 65 98 0 majora 48
Note: 4 157832 2847 71 108 0 majora 0
Note: 5 157832 1497 60 98 0 majora 48
Note: 12 157832 1497 59 108 0 majora 26
Note: 8 157832 1497 71 101 0 majora 48
Note: 3 157832 472 41 89 0 majora 0
Note: 0 157832 1497 41 101 0 majora 32
Note: 4 157832 1897 60 108 0 majora 0
Note: 4 157832 1897 65 108 0 majora 0
Note: 3 158332 472 48 89 0 majora 0
Note: 3 158832 947 57 89 0 majora 0
Note: 5 159332 4497 60 98 0 majora 48
Note: 4 159332 472 72 108 0 majora 0
Note: 8 159332 497 72 101 0 majora 48
Note: 0 159332 247 41 102 0 majora 32
Note: 12 159332 497 60 108 0 majora 26
Note: 0 159582 247 40 102 0 majora 32
Note: 0 159832 1997 38 102 0 majora 32
Note: 5 159832 1997 62 98 0 majora 48
Note: 4 159832 1422 69 108 0 majora 0
Note: 8 159832 997 71 101 0 majora 48
Note: 3 159832 472 38 89 0 majora 0
Note: 12 159832 997 59 108 0 majora 26
Note: 4 159832 1897 60 108 0 majora 0
Note: 4 159832 1897 65 108 0 majora 0
Note: 3 160332 472 45 89 0 majora 0
Note: 8 160832 997 72 101 0 majora 48
Note: 3 160832 947 53 89 0 majora 0
Note: 4 161332 472 69 109 0 majora 0
Note: 12 161582 247 57 108 0 majora 26
Note: 0 161832 1497 40 102 0 majora 32
Note: 5 161832 1997 59 98 0 majora 48
Note: 5 161832 1997 62 98 0 majora 48
Note: 4 161832 1897 67 109 0 majora 0
Note: 8 161832 1997 67 101 0 majora 48
Note: 3 161832 472 40 89 0 majora 0
Note: 12 161832 1747 55 109 0 majora 26
Note: 4 161832 1897 59 109 0 majora 0
Note: 4 161832 1897 62 109 0 majora 0
Note: 3 162332 472 47 89 0 majora 0
Note: 3 162832 947 55 89 0 majora 0
Note: 0 163332 497 40 102 0 majora 32
Note: 4 163332 472 69 109 0 majora 0
Note: 12 163582 247 57 109 0 majora 26
Note: 0 163832 1497 45 102 0 majora 32
Note: 5 163832 1997 57 99 0 majora 48
Note: 5 163832 1997 60 99 0 majora 48
Note: 5 163832 1997 64 99 0 majora 48
Note: 3 163832 472 45 89 0 majora 0
Note: 12 163832 1497 48 109 0 majora 26
Note: 4 163832 947 60 109 0 majora 0
Note: 3 164332 472 52 90 0 majora 0
Note: 3 164832 947 55 90 0 majora 0
Note: 0 165332 497 45 102 0 majora 32
Note: 4 165332 235 55 110 0 majora 0
Note: 12 165332 247 43 109 0 majora 26
Note: 12 165582 247 43 109 0 majora 26
Note: 4 165582 235 55 110 0 majora 0
Note: 0 165832 2997 43 102 0 majora 32
Note: 5 165832 997 64 99 0 majora 48
Note: 5 165832 7997 43 99 0 majora 48
Note: 5 165832 7997 53 99 0 majora 48
Note: 5 165832 3997 60 99 0 majora 48
Note: 4 165832 247 64 110 0 majora 0
Note: 5 165832 7997 57 99 0 majora 48
Note: 3 165832 472 43 90 0 majora 0
Note: 12 165832 497 52 109 0 majora 26
Note: 4 165832 3797 57 110 0 majora 0
Note: 4 165832 3797 60 110 0 majora 0
Note: 4 166332 472 62 110 0 majora 0
Note: 3 166332 472 50 90 0 majora 0
Note: 12 166332 497 50 109 0 majora 26
Note: 5 166832 2997 62 99 0 majora 48
Note: 4 166832 497 62 110 0 majora 0
Note: 3 166832 472 53 90 0 majora 0
Note: 12 166832 997 50 109 0 majora 26
Note: 3 167332 472 50 90 0 majora 0
Note: 3 167832 472 55 90 0 majora 0
Note: 3 168332 472 50 90 0 majora 0
Note: 3 168832 472 53 90 0 majora 0
Note: 0 169332 247 38 103 0 majora 32
Note: 4 169332 235 55 111 0 majora 0
Note: 3 169332 472 50 90 0 majora 0
Note: 12 169332 247 43 110 0 majora 26
Note: 0 169582 247 41 103 0 majora 32
Note: 4 169582 235 55 111 0 majora 0
Note: 12 169582 247 43 110 0 majora 26
Note: 0 169832 1997 43 103 0 majora 32
Note: 5 169832 997 60 99 0 majora 48
Note: 5 169832 997 64 99 0 majora 48
Note: 4 169832 4747 64 111 0 majora 0
Note: 3 169832 472 43 90 0 majora 0
Note: 12 169832 497 52 110 0 majora 26
Note: 4 169832 947 57 111 0 majora 0
Note: 4 169832 947 60 111 0 majora 0
Note: 4 170332 472 62 111 0 majora 0
Note: 3 170332 472 50 90 0 majora 0
Note: 12 170332 497 50 110 0 majora 26
Note: 12 170832 997 50 110 0 majora 26
Note: 5 170832 997 62 100 0 majora 48
Note: 4 170832 497 62 111 0 majora 0
Note: 3 170832 472 53 90 0 majora 0
Note: 5 170832 1997 60 100 0 majora 48
Note: 4 170832 947 55 111 0 majora 0
Note: 4 170832 947 59 111 0 majora 0
Note: 3 171332 472 50 90 0 majora 0
Note: 0 171832 997 31 103 0 majora 32
Note: 5 171832 997 59 100 0 majora 48
Note: 5 171832 997 64 100 0 majora 48
Note: 4 171832 947 60 111 0 majora 0
Note: 3 171832 472 55 90 0 majora 0
Note: 4 171832 947 57 111 0 majora 0
Note: 3 172332 472 50 90 0 majora 0
Note: 0 172832 997 31 103 0 majora 32
Note: 5 172832 997 60 100 0 majora 48
Note: 5 172832 997 62 100 0 majora 48
Note: 4 172832 1897 62 112 0 majora 0
Note: 3 172832 472 53 91 0 majora 0
Note: 4 172832 947 59 112 0 majora 0
Note: 3 173332 472 50 91 0 majora 0
Note: 4 173332 1422 67 112 0 majora 0
Note: 12 173582 247 47 110 0 majora 26
Note: 0 173832 3997 36 104 0 majora 32
Note: 5 173832 2497 60 100 0 majora 48
Note: 5 173832 3997 36 100 0 majora 48
Note: 5 173832 3997 48 100 0 majora 48
Note: 3 173832 472 36 91 0 majora 0
Note: 12 173832 1997 48 111 0 majora 26
Note: 4 173832 1897 60 112 0 majora 0
Note: 3 174332 947 55 91 0 majora 0
Note: 4 174832 947 64 112 0 majora 0
Note: 4 174832 947 67 112 0 majora 0
Note: 4 174832 947 62 112 0 majora 0
Note: 3 175332 947 55 91 0 majora 0
Note: 5 175832 497 55 100 0 majora 48
Note: 4 175832 750 64 112 0 majora 0
Note: 4 175832 947 62 112 0 majora 0
Note: 4 175832 875 67 112 0 majora 0
Note: 4 175832 472 55 112 0 majora 0
Note: 5 176332 2997 60 100 0 majora 48
Note: 3 176332 947 55 91 0 majora 0
Note: 4 176332 185 60 113 0 majora 0
Note: 5 176457 185 64 100 0 majora 48
Note: 8 176582 247 67 104 0 majora 48
Note: 4 176582 235 64 113 0 majora 0
Note: 4 176707 72 67 113 0 majora 0
Note: 4 176832 497 69 113 0 majora 0
Note: 4 176832 497 67 113 0 majora 0
Note: 4 176832 497 64 113 0 majora 0
Note: 4 176832 250 62 113 0 majora 0
Note: 8 176832 60 69 104 0 majora 48
Note: 4 176832 235 60 113 0 majora 0
Note: 8 176957 60 71 104 0 majora 48
Note: 8 177082 60 72 104 0 majora 48
Note: 4 177082 247 62 113 0 majora 0
Note: 8 177207 60 74 104 0 majora 48
Note: 8 177332 6247 76 104 0 majora 48
Note: 3 177332 472 55 91 0 majora 0
Note: 4 177332 1422 64 113 0 majora 0
Note: 8 177457 60 77 104 0 majora 48
Note: 4 177457 60 65 113 0 majora 0
Note: 8 177582 60 79 104 0 majora 48
Note: 4 177582 60 67 113 0 majora 0
Note: 8 177707 60 81 104 0 majora 48
Note: 4 177707 60 69 113 0 majora 0
Note: 0 177832 1497 41 104 0 majora 32
Note: 5 177832 1997 57 99 0 majora 48
Note: 5 177832 1997 53 99 0 majora 48
Note: 4 177832 1422 83 113 0 majora 0
Note: 8 177832 1497 83 104 0 majora 48
Note: 3 177832 472 41 91 0 majora 0
Note: 8 177832 1497 79 104 0 majora 48
Note: 4 177832 1422 79 113 0 majora 0
Note: 3 178332 472 48 91 0 majora 0
Note: 3 178832 947 57 91 0 majora 0
Note: 0 179332 497 41 104 0 majora 32
Note: 5 179332 4497 60 99 0 majora 48
Note: 4 179332 472 84 113 0 majora 0
Note: 8 179332 497 84 104 0 majora 48
Note: 8 179332 497 81 104 0 majora 48
Note: 4 179332 472 81 113 0 majora 0
Note: 0 179832 1497 38 104 0 majora 32
Note: 5 179832 1997 50 99 0 majora 48
Note: 4 179832 1422 91 113 0 majora 0
Note: 8 179832 1497 83 104 0 majora 48
Note: 3 179832 472 38 91 0 majora 0
Note: 5 179832 1497 62 99 0 majora 48
Note: 4 179832 1422 83 113 0 majora 0
Note: 3 180332 472 45 91 0 majora 0
Note: 3 180832 947 53 91 0 majora 0
Note: 0 181332 497 38 105 0 majora 32
Note: 5 181332 497 65 99 0 majora 48
Note: 4 181332 472 89 114 0 majora 0
Note: 8 181332 497 81 102 0 majora 48
Note: 8 181332 497 89 102 0 majora 48
Note: 4 181332 472 81 114 0 majora 0
Note: 8 181832 1497 79 102 0 majora 48
Note: 0 181832 1997 40 105 0 majora 32
Note: 5 181832 60 67 99 0 majora 48
Note: 5 181832 1997 52 99 0 majora 48
Note: 4 181832 1422 88 114 0 majora 0
Note: 8 181832 1497 88 102 0 majora 48
Note: 3 181832 472 40 92 0 majora 0
Note: 4 181832 1422 79 114 0 majora 0
Note: 5 181957 60 65 99 0 majora 48
Note: 5 182082 1497 64 99 0 majora 48
Note: 3 182332 472 47 92 0 majora 0
Note: 3 182832 947 55 92 0 majora 0
Note: 4 183332 156 86 114 0 majora 0
Note: 4 183332 156 77 114 0 majora 0
Note: 8 183457 60 77 102 0 majora 48
Note: 8 183457 60 86 102 0 majora 48
Note: 4 183499 156 84 114 0 majora 0
Note: 4 183499 156 76 114 0 majora 0
Note: 8 183582 60 84 102 0 majora 48
Note: 8 183582 2247 76 102 0 majora 48
Note: 4 183665 156 83 114 0 majora 0
Note: 4 183665 156 74 114 0 majora 0
Note: 8 183707 60 74 102 0 majora 48
Note: 8 183707 60 83 102 0 majora 48
Note: 0 183832 1997 45 105 0 majora 32
Note: 5 183832 8497 60 100 0 majora 48
Note: 5 183832 497 45 100 0 majora 48
Note: 4 183832 1422 84 114 0 majora 0
Note: 8 183832 1497 84 102 0 majora 48
Note: 3 183832 472 45 92 0 majora 0
Note: 4 183832 1422 76 114 0 majora 0
Note: 5 184332 497 50 100 0 majora 48
Note: 5 184332 497 62 100 0 majora 48
Note: 3 184332 472 52 92 0 majora 0
Note: 5 184832 497 52 100 0 majora 48
Note: 5 184832 497 64 100 0 majora 48
Note: 3 184832 947 55 92 0 majora 0
Note: 5 185332 497 53 100 0 majora 48
Note: 5 185332 497 65 100 0 majora 48
Note: 4 185332 472 77 115 0 majora 0
Note: 8 185332 497 77 102 0 majora 48
Note: 8 185332 497 69 102 0 majora 48
Note: 4 185332 472 69 115 0 majora 0
Note: 0 185832 1997 43 105 0 majora 32
Note: 5 185832 3997 55 100 0 majora 48
Note: 4 185832 472 76 115 0 majora 0
Note: 8 185832 3247 67 102 0 majora 48
Note: 8 185832 3833 76 102 0 majora 48
Note: 3 185832 472 43 92 0 majora 0
Note: 4 185832 3500 67 115 0 majora 0
Note: 8 186082 247 77 102 0 majora 48
Note: 4 186332 472 77 115 0 majora 0
Note: 8 186332 2497 74 102 0 majora 48
Note: 3 186332 472 50 92 0 majora 0
Note: 4 186832 2372 74 115 0 majora 0
Note: 3 186832 472 53 92 0 majora 0
Note: 3 187332 472 50 92 0 majora 0
Note: 0 187832 1497 43 106 0 majora 32
Note: 3 187832 472 55 92 0 majora 0
Note: 3 188332 472 50 92 0 majora 0
Note: 3 188832 472 53 92 0 majora 0
Note: 8 189207 60 69 103 0 majora 48
Note: 0 189332 497 31 106 0 majora 32
Note: 4 189332 472 67 116 0 majora 0
Note: 8 189332 60 71 103 0 majora 48
Note: 3 189332 472 50 93 0 majora 0
Note: 8 189457 60 72 103 0 majora 48
Note: 8 189582 81 74 103 0 majora 48
Note: 8 189665 664 76 103 0 majora 48
Note: 3 189832 472 44 93 0 majora 0
Note: 0 189832 997 32 106 0 majora 32
Note: 5 189832 1997 56 99 0 majora 48
Note: 4 189832 947 77 116 0 majora 0
Note: 8 189832 997 68 103 0 majora 48
Note: 8 189832 997 77 103 0 majora 48
Note: 4 189832 947 68 116 0 majora 0
Note: 3 190332 472 51 93 0 majora 0
Note: 3 190832 472 54 94 0 majora 0
Note: 0 190832 997 32 108 0 majora 32
Note: 4 190832 947 78 117 0 majora 0
Note: 8 190832 997 70 106 0 majora 48
Note: 8 190832 997 78 106 0 majora 48
Note: 4 190832 947 70 117 0 majora 0
Note: 5 191332 997 54 103 0 majora 48
Note: 3 191332 472 51 95 0 majora 0
Note: 8 191832 997 80 108 0 majora 48
Note: 0 191832 497 32 111 0 majora 32
Note: 5 191832 497 58 105 0 majora 48
Note: 5 191832 1997 51 105 0 majora 48
Note: 4 191832 947 80 118 0 majora 0
Note: 8 191832 1997 72 108 0 majora 48
Note: 3 191832 472 56 96 0 majora 0
Note: 4 191832 947 72 118 0 majora 0
Note: 0 192332 247 32 113 0 majora 32
Note: 5 192332 8247 60 106 0 majora 48
Note: 5 192332 497 56 106 0 majora 48
Note: 3 192332 472 51 97 0 majora 0
Note: 0 192582 247 32 113 0 majora 32
Note: 5 192582 247 61 107 0 majora 48
Note: 0 192832 497 32 114 0 majora 32
Note: 5 192832 247 63 107 0 majora 48
Note: 4 192832 947 72 120 0 majora 0
Note: 3 192832 472 54 98 0 majora 0
Note: 5 193082 247 65 108 0 majora 48
Note: 0 193332 497 32 115 0 majora 32
Note: 5 193332 247 66 109 0 majora 48
Note: 4 193332 472 75 121 0 majora 0
Note: 8 193332 497 75 112 0 majora 48
Note: 12 193332 497 56 114 0 majora 26
Note: 3 193332 472 51 99 0 majora 0
Note: 5 193582 247 68 109 0 majora 48
Note: 0 193832 1497 37 114 0 majora 32
Note: 5 193832 1997 49 109 0 majora 48
Note: 5 193832 1997 65 113 0 majora 48
Note: 8 193832 997 75 120 0 majora 48
Note: 4 193832 2847 80 125 0 majora 0
Note: 8 193832 1997 80 120 0 majora 48
Note: 12 193832 1497 56 114 0 majora 26
Note: 3 193832 472 49 101 0 majora 0
Note: 4 193832 947 63 125 0 majora 0
Note: 4 193832 947 65 125 0 majora 0
Note: 4 193832 947 68 125 0 majora 0
Note: 4 193832 947 75 125 0 majora 0
Note: 3 194332 947 56 101 0 majora 0
Note: 4 194832 947 73 125 0 majora 0
Note: 8 194832 997 73 120 0 majora 48
Note: 4 194832 947 63 125 0 majora 0
Note: 4 194832 947 65 125 0 majora 0
Note: 4 194832 947 68 125 0 majora 0
Note: 0 195332 497 37 115 0 majora 32
Note: 12 195332 497 61 114 0 majora 26
Note: 3 195332 472 56 101 0 majora 0
Note: 0 195832 1497 44 115 0 majora 32
Note: 5 195832 1997 56 113 0 majora 48
Note: 5 195832 1997 66 116 0 majora 48
Note: 4 195832 1897 85 125 0 majora 0
Note: 8 195832 1997 85 121 0 majora 48
Note: 8 195832 1997 70 121 0 majora 48
Note: 12 195832 1497 61 114 0 majora 26
Note: 3 195832 472 44 101 0 majora 0
Note: 4 195832 947 61 125 0 majora 0
Note: 4 195832 947 63 125 0 majora 0
Note: 4 195832 947 66 125 0 majora 0
Note: 4 195832 947 70 125 0 majora 0
Note: 3 196332 947 56 101 0 majora 0
Note: 4 196832 947 66 126 0 majora 0
Note: 4 196832 947 61 126 0 majora 0
Note: 4 196832 947 63 126 0 majora 0
Note: 0 197332 497 44 115 0 majora 32
Note: 4 197332 472 84 126 0 majora 0
Note: 8 197332 497 84 121 0 majora 48
Note: 3 197332 472 56 101 0 majora 0
Note: 12 197582 247 58 114 0 majora 26
Note: 5 197832 997 63 117 0 majora 48
Note: 5 197832 1997 49 117 0 majora 48
Note: 0 197832 1997 37 115 0 majora 32
Note: 4 197832 3797 80 126 0 majora 0
Note: 3 197832 472 49 102 0 majora 0
Note: 8 197832 3997 80 121 0 majora 48
Note: 8 197832 3997 68 121 0 majora 48
Note: 12 197832 1997 56 114 0 majora 26
Note: 4 197832 947 63 126 0 majora 0
Note: 4 197832 947 65 126 0 majora 0
Note: 4 197832 947 68 126 0 majora 0
Note: 3 198332 947 56 102 0 majora 0
Note: 5 198832 997 61 117 0 majora 48
Note: 4 198832 947 68 126 0 majora 0
Note: 4 198832 947 63 126 0 majora 0
Note: 4 198832 947 65 126 0 majora 0
Note: 3 199332 472 56 102 0 majora 0
Note: 5 199832 497 63 117 0 majora 48
Note: 5 199832 497 66 117 0 majora 48
Note: 5 199832 1997 44 117 0 majora 48
Note: 0 199832 1497 44 115 0 majora 32
Note: 4 199832 497 63 126 0 majora 0
Note: 3 199832 472 44 102 0 majora 0
Note: 4 199832 497 61 126 0 majora 0
Note: 5 200332 247 61 117 0 majora 48
Note: 5 200332 247 65 117 0 majora 48
Note: 3 200332 947 56 102 0 majora 0
Note: 4 200332 747 65 126 0 majora 0
Note: 5 200582 747 60 117 0 majora 48
Note: 5 200582 247 63 117 0 majora 48
Note: 5 200832 497 58 117 0 majora 48
Note: 5 200832 497 61 117 0 majora 48
Note: 4 200832 472 63 127 0 majora 0
Note: 4 200832 472 66 127 0 majora 0
Note: 4 200832 472 61 127 0 majora 0
Note: 0 201332 497 44 114 0 majora 32
Note: 5 201332 12497 60 117 0 majora 48
Note: 5 201332 247 56 117 0 majora 48
Note: 4 201332 235 77 127 0 majora 0
Note: 8 201332 247 77 121 0 majora 48
Note: 12 201332 497 56 115 0 majora 26
Note: 3 201332 472 56 101 0 majora 0
Note: 4 201332 472 68 127 0 majora 0
Note: 5 201582 247 54 117 0 majora 48
Note: 5 201582 247 58 117 0 majora 48
Note: 4 201582 235 78 127 0 majora 0
Note: 8 201582 247 78 121 0 majora 48
Note: 0 201832 1497 37 114 0 majora 32
Note: 5 201832 997 53 117 0 majora 48
Note: 5 201832 997 56 117 0 majora 48
Note: 5 201832 1997 49 117 0 majora 48
Note: 4 201832 1897 80 42 0 majora 0
Note: 8 201832 5997 68 121 0 majora 48
Note: 8 201832 1997 80 121 0 majora 48
Note: 12 201832 1497 56 115 0 majora 26
Note: 3 201832 472 49 101 0 majora 0
Note: 4 201832 947 63 42 0 majora 0
Note: 4 201832 947 65 42 0 majora 0
Note: 4 201832 947 68 42 0 majora 0
Note: 3 202332 947 56 101 0 majora 0
Note: 4 202832 947 63 126 0 majora 0
Note: 4 202832 947 65 126 0 majora 0
Note: 5 202832 497 53 118 0 majora 48
Note: 5 202832 497 56 118 0 majora 48
Note: 4 202832 947 68 126 0 majora 0
Note: 5 203332 497 54 118 0 majora 48
Note: 5 203332 497 58 118 0 majora 48
Note: 0 203332 497 37 115 0 majora 32
Note: 4 203332 472 85 126 0 majora 0
Note: 3 203332 472 56 101 0 majora 0
Note: 8 203332 497 85 122 0 majora 48
Note: 12 203582 247 54 115 0 majora 26
Note: 4 203832 947 61 126 0 majora 0
Note: 4 203832 947 63 126 0 majora 0
Note: 4 203832 947 66 126 0 majora 0
Note: 5 203832 1997 44 118 0 majora 48
Note: 5 203832 1997 51 118 0 majora 48
Note: 5 203832 1997 54 118 0 majora 48
Note: 0 203832 1497 44 115 0 majora 32
Note: 4 203832 1897 87 126 0 majora 0
Note: 8 203832 1497 87 122 0 majora 48
Note: 12 203832 1497 54 115 0 majora 26
Note: 3 203832 472 44 101 0 majora 0
Note: 3 204332 947 56 101 0 majora 0
Note: 4 204832 947 61 126 0 majora 0
Note: 4 204832 947 63 126 0 majora 0
Note: 4 204832 947 66 126 0 majora 0
Note: 0 205332 497 44 115 0 majora 32
Note: 4 205332 235 89 127 0 majora 0
Note: 8 205332 247 89 122 0 majora 48
Note: 3 205332 472 56 102 0 majora 0
Note: 4 205582 235 90 127 0 majora 0
Note: 8 205582 247 90 122 0 majora 48
Note: 12 205582 247 53 116 0 majora 26
Note: 4 205832 947 63 127 0 majora 0
Note: 4 205832 947 65 127 0 majora 0
Note: 4 205832 947 68 127 0 majora 0
Note: 8 205832 1497 89 122 0 majora 48
Note: 5 205832 1997 49 118 0 majora 48
Note: 5 205832 1997 53 118 0 majora 48
Note: 5 205832 1997 56 118 0 majora 48
Note: 0 205832 1997 37 115 0 majora 32
Note: 4 205832 1897 89 127 0 majora 0
Note: 12 205832 1997 53 115 0 majora 26
Note: 3 205832 472 49 102 0 majora 0
Note: 3 206332 947 56 102 0 majora 0
Note: 4 206832 947 63 127 0 majora 0
Note: 4 207332 472 85 127 0 majora 0
Note: 8 207332 497 85 122 0 majora 48
Note: 3 207332 472 56 102 0 majora 0
Note: 4 207832 947 72 127 0 majora 0
Note: 4 207832 497 63 127 0 majora 0
Note: 4 207832 497 65 127 0 majora 0
Note: 5 207832 997 48 119 0 majora 48
Note: 5 207832 997 56 119 0 majora 48
Note: 5 207832 997 63 119 0 majora 48
Note: 0 207832 997 48 116 0 majora 32
Note: 4 207832 472 80 127 0 majora 0
Note: 8 207832 497 80 122 0 majora 48
Note: 8 207832 997 72 122 0 majora 48
Note: 3 207832 947 48 102 0 majora 0
Note: 4 208332 472 68 127 0 majora 0
Note: 4 208332 235 82 127 0 majora 0
Note: 8 208332 247 82 122 0 majora 48
Note: 4 208582 235 84 127 0 majora 0
Note: 8 208582 247 84 122 0 majora 48
Note: 4 208832 472 61 127 0 majora 0
Note: 4 208832 472 70 127 0 majora 0
Note: 4 208832 472 73 127 0 majora 0
Note: 5 208832 997 61 119 0 majora 48
Note: 5 208832 997 65 119 0 majora 48
Note: 5 208832 497 46 119 0 majora 48
Note: 0 208832 997 46 116 0 majora 32
Note: 4 208832 472 85 127 0 majora 0
Note: 8 208832 497 73 122 0 majora 48
Note: 8 208832 497 85 122 0 majora 48
Note: 3 208832 947 58 102 0 majora 0
Note: 3 208832 947 46 102 0 majora 0
Note: 4 209332 472 73 127 0 majora 0
Note: 5 209332 497 44 119 0 majora 48
Note: 4 209332 156 87 127 0 majora 0
Note: 8 209332 164 87 122 0 majora 48
Note: 12 209332 497 61 115 0 majora 26
Note: 4 209499 156 89 127 0 majora 0
Note: 8 209499 164 89 122 0 majora 48
Note: 4 209665 156 90 127 0 majora 0
Note: 8 209665 164 90 122 0 majora 48
Note: 4 209832 1422 72 127 0 majora 0
Note: 4 209832 1897 61 127 0 majora 0
Note: 4 209832 1897 66 127 0 majora 0
Note: 5 209832 1997 58 119 0 majora 48
Note: 5 209832 1997 61 119 0 majora 48
Note: 5 209832 1997 54 119 0 majora 48
Note: 0 209832 1497 42 116 0 majora 32
Note: 4 209832 1422 92 127 0 majora 0
Note: 8 209832 1497 72 122 0 majora 48
Note: 8 209832 1497 92 122 0 majora 48
Note: 12 209832 1497 60 116 0 majora 26
Note: 3 209832 472 42 102 0 majora 0
Note: 3 210332 472 49 103 0 majora 0
Note: 3 210832 947 58 103 0 majora 0
Note: 4 211332 472 73 127 0 majora 0
Note: 0 211332 497 42 116 0 majora 32
Note: 5 211332 497 53 120 0 majora 48
Note: 4 211332 472 94 127 0 majora 0
Note: 8 211332 497 73 123 0 majora 48
Note: 8 211332 497 94 123 0 majora 48
Note: 12 211332 497 61 116 0 majora 26
Note: 4 211832 1422 70 127 0 majora 0
Note: 4 211832 1422 72 127 0 majora 0
Note: 4 211832 1897 61 127 0 majora 0
Note: 4 211832 1897 66 127 0 majora 0
Note: 0 211832 1497 39 116 0 majora 32
Note: 5 211832 1997 51 120 0 majora 48
Note: 4 211832 1422 92 127 0 majora 0
Note: 8 211832 1497 72 123 0 majora 48
Note: 8 211832 1497 92 123 0 majora 48
Note: 8 211832 1997 68 123 0 majora 48
Note: 12 211832 997 60 116 0 majora 26
Note: 3 211832 472 39 103 0 majora 0
Note: 3 212332 472 46 103 0 majora 0
Note: 3 212832 947 54 103 0 majora 0
Note: 4 213332 472 70 127 0 majora 0
Note: 0 213332 497 39 117 0 majora 32
Note: 4 213332 472 90 127 0 majora 0
Note: 8 213332 497 70 123 0 majora 48
Note: 8 213332 497 90 123 0 majora 48
Note: 12 213332 497 58 117 0 majora 26
Note: 4 213832 1897 60 127 0 majora 0
Note: 4 213832 1897 63 127 0 majora 0
Note: 4 213832 1897 68 127 0 majora 0
Note: 5 213832 10997 60 120 0 majora 48
Note: 5 213832 1997 41 120 0 majora 48
Note: 5 213832 1997 56 120 0 majora 48
Note: 0 213832 1497 41 117 0 majora 32
Note: 4 213832 1897 77 127 0 majora 0
Note: 8 213832 2497 89 123 0 majora 48
Note: 8 213832 7997 68 123 0 majora 48
Note: 12 213832 1997 56 117 0 majora 26
Note: 3 213832 472 41 103 0 majora 0
Note: 3 214332 472 48 103 0 majora 0
Note: 3 214832 947 56 103 0 majora 0
Note: 0 215332 497 41 117 0 majora 32
Note: 4 215332 472 70 127 0 majora 0
Note: 12 215332 497 58 117 0 majora 26
Note: 4 215832 947 61 127 0 majora 0
Note: 5 215832 497 61 121 0 majora 48
Note: 5 215832 1997 46 121 0 majora 48
Note: 5 215832 1997 53 121 0 majora 48
Note: 0 215832 1497 46 117 0 majora 32
Note: 4 215832 472 77 127 0 majora 0
Note: 12 215832 1497 49 117 0 majora 26
Note: 3 215832 472 46 104 0 majora 0
Note: 5 216332 497 63 121 0 majora 48
Note: 4 216332 472 75 127 0 majora 0
Note: 8 216332 497 87 123 0 majora 48
Note: 3 216332 472 53 104 0 majora 0
Note: 5 216832 497 65 121 0 majora 48
Note: 4 216832 8547 73 127 0 majora 0
Note: 8 216832 4997 85 123 0 majora 48
Note: 3 216832 947 56 104 0 majora 0
Note: 5 217332 497 66 121 0 majora 48
Note: 0 217332 497 46 117 0 majora 32
Note: 4 217332 235 56 127 0 majora 0
Note: 12 217332 247 44 118 0 majora 26
Note: 4 217582 235 56 127 0 majora 0
Note: 12 217582 247 44 118 0 majora 26
Note: 4 217832 947 58 127 0 majora 0
Note: 4 217832 947 61 127 0 majora 0
Note: 4 217832 947 65 127 0 majora 0
Note: 5 217832 3997 54 121 0 majora 48
Note: 5 217832 997 65 121 0 majora 48
Note: 5 217832 7997 44 121 0 majora 48
Note: 0 217832 3497 44 117 0 majora 32
Note: 4 217832 1897 68 127 0 majora 0
Note: 12 217832 247 53 118 0 majora 26
Note: 3 217832 3797 44 104 0 majora 0
Note: 12 218082 247 51 118 0 majora 26
Note: 4 218332 247 63 127 0 majora 0
Note: 12 218332 497 51 118 0 majora 26
Note: 4 218832 947 58 127 0 majora 0
Note: 4 218832 947 61 127 0 majora 0
Note: 5 218832 2997 63 121 0 majora 48
Note: 4 218832 947 63 127 0 majora 0
Note: 4 219832 947 61 127 0 majora 0
Note: 4 219832 947 63 127 0 majora 0
Note: 4 219832 947 66 127 0 majora 0
Note: 4 219832 947 70 127 0 majora 0
Note: 4 220832 947 58 127 0 majora 0
Note: 4 220832 947 61 127 0 majora 0
Note: 4 220832 947 63 127 0 majora 0
Note: 4 220832 947 66 127 0 majora 0
Note: 0 221332 497 39 118 0 majora 32
Note: 4 221332 235 56 127 0 majora 0
Note: 12 221332 247 44 119 0 majora 26
Note: 4 221582 235 56 127 0 majora 0
Note: 12 221582 247 44 119 0 majora 26
Note: 4 221832 947 56 127 0 majora 0
Note: 4 221832 947 58 127 0 majora 0
Note: 4 221832 947 61 127 0 majora 0
Note: 4 221832 947 65 127 0 majora 0
Note: 5 221832 997 65 122 0 majora 48
Note: 0 221832 2997 44 118 0 majora 32
Note: 4 221832 3500 68 127 0 majora 0
Note: 8 221832 9158 80 124 0 majora 48
Note: 8 221832 997 68 124 0 majora 48
Note: 12 221832 247 53 119 0 majora 26
Note: 3 221832 3797 44 105 0 majora 0
Note: 12 222082 247 51 119 0 majora 26
Note: 4 222332 472 63 127 0 majora 0
Note: 12 222332 497 51 119 0 majora 26
Note: 4 222832 947 54 127 0 majora 0
Note: 4 222832 947 56 127 0 majora 0
Note: 4 222832 947 60 127 0 majora 0
Note: 5 222832 997 63 122 0 majora 48
Note: 5 222832 997 66 122 0 majora 48
Note: 4 222832 497 63 127 0 majora 0
Note: 4 223832 1897 56 127 0 majora 0
Note: 4 223832 947 58 127 0 majora 0
Note: 5 223832 997 58 123 0 majora 48
Note: 5 223832 997 61 123 0 majora 48
Note: 4 223832 947 61 127 0 majora 0
Note: 8 223832 1997 68 124 0 majora 48
Note: 4 224832 947 60 127 0 majora 0
Note: 5 224832 997 63 123 0 majora 48
Note: 5 224832 9451 60 123 0 majora 48
Note: 4 224832 947 63 127 0 majora 0
Note: 0 224832 997 32 71 0 majora 32
Note: 4 225332 472 68 127 0 majora 0
Note: 12 225582 247 48 120 0 majora 26
Note: 5 225832 2180 49 123 0 majora 48
Note: 5 225832 2180 56 123 0 majora 48
Note: 5 225832 2180 65 123 0 majora 48
Note: 4 225832 4293 68 127 0 majora 0
Note: 8 225832 5158 68 125 0 majora 48
Note: 12 225832 2180 49 99 0 majora 26
Note: 3 225832 2069 49 106 0 majora 0
Note: 4 226903 2147 77 127 0 majora 0
Note: 4 226903 2147 80 127 0 majora 0
Note: 4 226903 525 84 127 0 majora 0
Note: 4 227459 525 85 127 0 majora 0
Note: 4 228015 1093 70 127 0 majora 0
Note: 4 228015 1093 73 127 0 majora 0
Note: 5 228015 2351 46 123 0 majora 48
Note: 5 228015 2351 54 123 0 majora 48
Note: 5 228015 2351 63 123 0 majora 48
Note: 4 228015 1093 78 127 0 majora 0
Note: 3 228015 2231 46 106 0 majora 0
Note: 4 229168 1137 66 127 0 majora 0
Note: 4 229168 1137 70 127 0 majora 0
Note: 4 229168 1137 75 127 0 majora 0
Note: 4 230368 1184 65 127 0 majora 0
Note: 4 230368 1184 68 127 0 majora 0
Note: 4 230368 1184 73 127 0 majora 0
Note: 5 230368 2551 53 124 0 majora 48
Note: 5 230368 2551 61 124 0 majora 48
Note: 5 230368 5414 44 124 0 majora 48
Note: 4 230368 1184 80 127 0 majora 0
Note: 3 230368 2421 44 107 0 majora 0
Note: 4 230993 591 61 127 0 majora 0
Note: 8 230993 622 73 125 0 majora 48
Note: 4 231618 649 65 127 0 majora 0
Note: 4 231618 649 68 127 0 majora 0
Note: 4 231618 649 73 127 0 majora 0
Note: 4 231618 1236 85 127 0 majora 0
Note: 8 231618 649 77 125 0 majora 48
Note: 8 231618 649 85 125 0 majora 48
Note: 4 232271 616 66 127 0 majora 0
Note: 8 232271 649 78 125 0 majora 48
Note: 4 232923 2710 68 127 0 majora 0
Note: 4 232923 1292 66 127 0 majora 0
Note: 4 232923 1292 70 127 0 majora 0
Note: 4 232923 1292 73 127 0 majora 0
Note: 5 232923 2860 54 124 0 majora 48
Note: 5 232923 1360 61 124 0 majora 48
Note: 4 232923 1292 75 127 0 majora 0
Note: 8 232923 2860 80 125 0 majora 48
Note: 8 232923 1360 73 125 0 majora 48
Note: 8 232923 1360 87 125 0 majora 48
Note: 3 232923 2710 44 107 0 majora 0
Note: 4 234286 1421 72 127 0 majora 0
Note: 4 234286 1421 75 127 0 majora 0
Note: 5 234286 1496 60 125 0 majora 48
Note: 4 234286 1421 80 127 0 majora 0
Note: 8 234286 1496 72 125 0 majora 48
Note: 8 234286 1496 92 125 0 majora 48
Note: 4 235786 5696 77 127 0 majora 0
Note: 3 235786 5696 44 107 0 majora 0
Note: 4 235786 5696 92 126 0 majora 0
Note: 5 235786 5996 37 125 0 majora 48
Note: 5 235786 5996 53 125 0 majora 48
Note: 5 235786 5996 56 125 0 majora 48
Note: 3 235786 5696 37 107 0 majora 0
Note: 8 235786 5996 77 126 0 majora 48
Note: 8 235786 5996 85 126 0 majora 48
Note: 3 235786 5696 53 107 0 majora 0
Note: 8 235786 5996 92 126 0 majora 48
Note: 4 235880 5606 85 50 0 majora 0
60
Measure: 0 0 4
Measure: 1 1200 4
Measure: 2 5200 4
Measure: 3 9200 4
Measure: 4 13200 4
Measure: 5 17200 4
Measure: 6 21200 4
Measure: 7 25200 4
Measure: 8 29200 4
Measure: 9 33200 4
Measure: 10 37200 4
Measure: 11 41200 4
Measure: 12 45200 4
Measure: 13 49200 4
Measure: 14 53200 4
Measure: 15 57200 4
Measure: 16 61200 4
Measure: 17 65200 4
Measure: 18 69200 4
Measure: 19 73200 4
Measure: 20 77200 4
Measure: 21 81200 4
Measure: 22 85200 4
Measure: 23 89200 4
Measure: 24 93200 4
Measure: 25 97200 4
Measure: 26 101200 4
Measure: 27 105200 4
Measure: 28 109200 4
Measure: 29 113200 4
Measure: 30 117200 4
Measure: 31 121200 4
Measure: 32 125200 4
Measure: 33 129199 4
Measure: 34 133200 4
Measure: 35 137200 4
Measure: 36 141832 4
Measure: 37 145832 4
Measure: 38 149832 4
Measure: 39 153832 4
Measure: 40 157832 4
Measure: 41 161832 4
Measure: 42 165832 4
Measure: 43 169832 4
Measure: 44 173832 4
Measure: 45 177832 4
Measure: 46 181832 4
Measure: 47 185832 4
Measure: 48 189832 4
Measure: 49 193832 4
Measure: 50 197832 4
Measure: 51 201832 4
Measure: 52 205832 4
Measure: 53 209832 4
Measure: 54 213832 4
Measure: 55 217832 4
Measure: 56 221832 4
Measure: 57 225832 4
Measure: 58 230368 4
Measure: 59 235786 4
