2399
Note: 0 2187 311 45 100 0 majora 25
Note: 3 2187 311 45 100 0 majora 29
Note: 0 2500 311 47 100 0 majora 25
Note: 3 2500 311 47 100 0 majora 29
Note: 1 2500 1248 59 100 0 majora 29
Note: 3 2812 311 54 100 0 majora 29
Note: 0 2812 311 54 100 0 majora 25
Note: 0 3125 311 59 100 0 majora 25
Note: 3 3125 311 59 100 0 majora 29
Note: 3 3437 311 43 100 0 majora 29
Note: 0 3437 311 43 100 0 majora 25
Note: 0 3750 311 54 100 0 majora 25
Note: 3 3750 311 54 100 0 majora 29
Note: 1 3750 18748 83 100 0 majora 29
Note: 3 4062 311 59 100 0 majora 29
Note: 0 4062 311 59 100 0 majora 25
Note: 3 4375 311 54 100 0 majora 29
Note: 0 4375 311 54 100 0 majora 25
Note: 0 4687 311 43 100 0 majora 25
Note: 3 4687 311 43 100 0 majora 29
Note: 0 5000 311 40 100 0 majora 25
Note: 3 5000 311 40 100 0 majora 29
Note: 0 5312 311 54 100 0 majora 25
Note: 3 5312 311 54 100 0 majora 29
Note: 3 5625 311 59 100 0 majora 29
Note: 0 5625 311 59 100 0 majora 25
Note: 0 5937 311 42 100 0 majora 25
Note: 3 5937 311 42 100 0 majora 29
Note: 3 6250 311 54 100 0 majora 29
Note: 0 6250 311 54 100 0 majora 25
Note: 3 6562 311 59 100 0 majora 29
Note: 0 6562 311 59 100 0 majora 25
Note: 3 6875 311 45 100 0 majora 29
Note: 9 6875 623 42 100 0 majora 10
Note: 0 6875 311 45 100 0 majora 25
Note: 0 7187 311 59 100 0 majora 25
Note: 3 7187 311 59 100 0 majora 29
Note: 9 7500 623 36 100 0 majora 10
Note: 0 7500 311 47 100 0 majora 25
Note: 3 7500 311 47 100 0 majora 29
Note: 9 7500 623 57 100 0 majora 10
Note: 4 7500 4998 35 100 0 majora 37
Note: 3 7812 311 54 100 0 majora 29
Note: 0 7812 311 54 100 0 majora 25
Note: 0 8125 311 59 100 0 majora 25
Note: 3 8125 311 59 100 0 majora 29
Note: 9 8125 623 42 100 0 majora 10
Note: 0 8437 311 43 100 0 majora 25
Note: 3 8437 311 43 100 0 majora 29
Note: 3 8750 311 54 100 0 majora 29
Note: 0 8750 311 54 100 0 majora 25
Note: 0 9062 311 59 100 0 majora 25
Note: 3 9062 311 59 100 0 majora 29
Note: 9 9375 623 42 100 0 majora 10
Note: 3 9375 311 54 100 0 majora 29
Note: 0 9375 311 54 100 0 majora 25
Note: 3 9687 311 43 100 0 majora 29
Note: 0 9687 311 43 100 0 majora 25
Note: 3 10000 311 40 100 0 majora 29
Note: 0 10000 311 40 100 0 majora 25
Note: 3 10312 311 54 100 0 majora 29
Note: 0 10312 311 54 100 0 majora 25
Note: 9 10625 623 42 100 0 majora 10
Note: 0 10625 311 59 100 0 majora 25
Note: 3 10625 311 59 100 0 majora 29
Note: 0 10937 311 42 100 0 majora 25
Note: 3 10937 311 42 100 0 majora 29
Note: 3 11250 311 54 100 0 majora 29
Note: 0 11250 311 54 100 0 majora 25
Note: 0 11562 311 59 100 0 majora 25
Note: 9 11562 311 45 100 0 majora 10
Note: 3 11562 311 59 100 0 majora 29
Note: 0 11875 311 45 100 0 majora 25
Note: 9 11875 311 42 100 0 majora 10
Note: 3 11875 311 45 100 0 majora 29
Note: 9 11875 623 43 100 0 majora 10
Note: 9 12187 311 41 100 0 majora 10
Note: 0 12187 311 59 100 0 majora 25
Note: 3 12187 311 59 100 0 majora 29
Note: 4 12500 311 35 100 0 majora 37
Note: 0 12500 311 47 100 0 majora 25
Note: 3 12500 311 47 100 0 majora 29
Note: 9 12500 311 42 100 0 majora 10
Note: 9 12500 623 36 100 0 majora 10
Note: 0 12812 311 54 100 0 majora 25
Note: 4 12812 311 35 100 0 majora 37
Note: 3 12812 311 54 100 0 majora 29
Note: 9 12812 311 42 100 0 majora 10
Note: 0 13125 311 59 100 0 majora 25
Note: 9 13125 311 38 100 0 majora 10
Note: 9 13125 311 42 100 0 majora 10
Note: 3 13125 311 59 100 0 majora 29
Note: 4 13125 311 35 100 0 majora 37
Note: 3 13437 311 43 100 0 majora 29
Note: 4 13437 311 31 100 0 majora 37
Note: 9 13437 311 42 100 0 majora 10
Note: 0 13437 311 43 100 0 majora 25
Note: 9 13437 311 36 100 0 majora 10
Note: 3 13750 311 54 100 0 majora 29
Note: 4 13750 311 31 100 0 majora 37
Note: 0 13750 311 54 100 0 majora 25
Note: 9 13750 311 42 100 0 majora 10
Note: 4 14062 311 31 100 0 majora 37
Note: 0 14062 311 59 100 0 majora 25
Note: 9 14062 311 36 100 0 majora 10
Note: 3 14062 311 59 100 0 majora 29
Note: 9 14062 311 42 100 0 majora 10
Note: 0 14375 311 54 100 0 majora 25
Note: 9 14375 311 38 100 0 majora 10
Note: 3 14375 311 54 100 0 majora 29
Note: 9 14375 311 42 100 0 majora 10
Note: 4 14375 311 31 100 0 majora 37
Note: 3 14687 311 43 100 0 majora 29
Note: 4 14687 311 31 100 0 majora 37
Note: 9 14687 154 42 100 0 majora 10
Note: 0 14687 311 43 100 0 majora 25
Note: 9 14843 50 42 100 0 majora 10
Note: 9 14895 50 42 100 0 majora 10
Note: 9 14947 50 42 100 0 majora 10
Note: 3 15000 311 40 100 0 majora 29
Note: 9 15000 623 36 100 0 majora 10
Note: 4 15000 311 28 100 0 majora 37
Note: 9 15000 311 42 100 0 majora 10
Note: 0 15000 311 40 100 0 majora 25
Note: 9 15312 311 42 100 0 majora 10
Note: 0 15312 311 54 100 0 majora 25
Note: 3 15312 311 54 100 0 majora 29
Note: 4 15312 311 28 100 0 majora 37
Note: 0 15625 311 59 100 0 majora 25
Note: 4 15625 311 28 100 0 majora 37
Note: 3 15625 311 59 100 0 majora 29
Note: 9 15625 311 42 100 0 majora 10
Note: 9 15625 311 38 100 0 majora 10
Note: 4 15937 311 30 100 0 majora 37
Note: 0 15937 311 42 100 0 majora 25
Note: 3 15937 311 42 100 0 majora 29
Note: 9 15937 311 42 100 0 majora 10
Note: 9 15937 311 36 100 0 majora 10
Note: 3 16250 311 54 100 0 majora 29
Note: 4 16250 311 30 100 0 majora 37
Note: 0 16250 311 54 100 0 majora 25
Note: 9 16250 311 42 100 0 majora 10
Note: 9 16562 311 36 100 0 majora 10
Note: 4 16562 311 30 100 0 majora 37
Note: 3 16562 311 59 100 0 majora 29
Note: 9 16562 311 42 100 0 majora 10
Note: 0 16562 311 59 100 0 majora 25
Note: 4 16875 311 33 100 0 majora 37
Note: 0 16875 311 45 100 0 majora 25
Note: 3 16875 311 45 100 0 majora 29
Note: 9 16875 311 42 100 0 majora 10
Note: 9 16875 311 38 100 0 majora 10
Note: 3 17187 311 59 100 0 majora 29
Note: 4 17187 311 33 100 0 majora 37
Note: 0 17187 311 59 100 0 majora 25
Note: 9 17187 311 46 100 0 majora 10
Note: 4 17500 311 35 100 0 majora 37
Note: 3 17500 311 47 100 0 majora 29
Note: 0 17500 311 47 100 0 majora 25
Note: 9 17500 311 42 100 0 majora 10
Note: 9 17500 623 36 100 0 majora 10
Note: 0 17812 311 54 100 0 majora 25
Note: 4 17812 311 35 100 0 majora 37
Note: 9 17812 311 42 100 0 majora 10
Note: 3 17812 311 54 100 0 majora 29
Note: 0 18125 311 59 100 0 majora 25
Note: 9 18125 311 38 100 0 majora 10
Note: 4 18125 311 35 100 0 majora 37
Note: 9 18125 311 42 100 0 majora 10
Note: 3 18125 311 59 100 0 majora 29
Note: 9 18437 311 42 100 0 majora 10
Note: 0 18437 311 43 100 0 majora 25
Note: 3 18437 311 43 100 0 majora 29
Note: 4 18437 311 31 100 0 majora 37
Note: 9 18437 311 36 100 0 majora 10
Note: 3 18750 311 54 100 0 majora 29
Note: 0 18750 311 54 100 0 majora 25
Note: 4 18750 311 31 100 0 majora 37
Note: 9 18750 311 42 100 0 majora 10
Note: 9 19062 311 36 100 0 majora 10
Note: 0 19062 311 59 100 0 majora 25
Note: 3 19062 311 59 100 0 majora 29
Note: 9 19062 311 42 100 0 majora 10
Note: 4 19062 311 31 100 0 majora 37
Note: 9 19375 311 38 100 0 majora 10
Note: 4 19375 311 31 100 0 majora 37
Note: 9 19375 311 42 100 0 majora 10
Note: 0 19375 311 54 100 0 majora 25
Note: 3 19375 311 54 100 0 majora 29
Note: 0 19687 311 43 100 0 majora 25
Note: 4 19687 311 31 100 0 majora 37
Note: 9 19687 154 42 100 0 majora 10
Note: 3 19687 311 43 100 0 majora 29
Note: 9 19843 50 42 100 0 majora 10
Note: 9 19895 50 42 100 0 majora 10
Note: 9 19947 50 42 100 0 majora 10
Note: 9 20000 623 57 100 0 majora 10
Note: 3 20000 2498 40 100 0 majora 29
Note: 0 20000 1873 47 100 0 majora 25
Note: 9 20000 623 36 100 0 majora 10
Note: 3 20000 1873 47 100 0 majora 29
Note: 0 20000 2498 40 100 0 majora 25
Note: 4 20000 2498 28 100 0 majora 37
Note: 9 20625 623 42 100 0 majora 10
Note: 3 20625 311 64 100 0 majora 29
Note: 0 20625 311 64 100 0 majora 25
Note: 3 20937 1561 59 100 0 majora 29
Note: 0 20937 1561 59 100 0 majora 25
Note: 9 21250 623 42 100 0 majora 10
Note: 9 21875 311 42 100 0 majora 10
Note: 9 21875 311 38 100 0 majora 10
Note: 9 22187 154 38 100 0 majora 10
Note: 9 22343 154 38 100 0 majora 10
Note: 4 22500 311 35 100 0 majora 37
Note: 9 22500 311 57 100 0 majora 10
Note: 9 22500 311 42 100 0 majora 10
Note: 0 22500 311 47 100 0 majora 25
Note: 9 22500 623 36 100 0 majora 10
Note: 3 22500 311 47 100 0 majora 29
Note: 0 22812 311 54 100 0 majora 25
Note: 3 22812 311 54 100 0 majora 29
Note: 9 22812 311 42 100 0 majora 10
Note: 2 22812 311 59 100 0 majora 61
Note: 4 22812 311 35 100 0 majora 37
Note: 4 23125 311 35 100 0 majora 37
Note: 2 23125 311 62 100 0 majora 61
Note: 9 23125 311 38 100 0 majora 10
Note: 9 23125 311 42 100 0 majora 10
Note: 3 23125 311 59 100 0 majora 29
Note: 0 23125 311 59 100 0 majora 25
Note: 9 23437 311 42 100 0 majora 10
Note: 2 23437 311 59 100 0 majora 61
Note: 9 23437 311 36 100 0 majora 10
Note: 4 23437 311 31 100 0 majora 37
Note: 3 23437 311 43 100 0 majora 29
Note: 0 23437 311 43 100 0 majora 25
Note: 9 23750 311 42 100 0 majora 10
Note: 0 23750 311 54 100 0 majora 25
Note: 4 23750 311 31 100 0 majora 37
Note: 2 23750 623 59 100 0 majora 61
Note: 3 23750 311 54 100 0 majora 29
Note: 9 24062 311 36 100 0 majora 10
Note: 9 24062 311 42 100 0 majora 10
Note: 0 24062 311 59 100 0 majora 25
Note: 3 24062 311 59 100 0 majora 29
Note: 4 24062 311 31 100 0 majora 37
Note: 3 24375 311 54 100 0 majora 29
Note: 0 24375 311 54 100 0 majora 25
Note: 9 24375 311 38 100 0 majora 10
Note: 9 24375 311 42 100 0 majora 10
Note: 4 24375 311 31 100 0 majora 37
Note: 0 24687 311 43 100 0 majora 25
Note: 2 24687 311 59 100 0 majora 61
Note: 4 24687 311 31 100 0 majora 37
Note: 9 24687 154 42 100 0 majora 10
Note: 3 24687 311 43 100 0 majora 29
Note: 9 24843 50 42 100 0 majora 10
Note: 9 24895 50 42 100 0 majora 10
Note: 9 24947 50 42 100 0 majora 10
Note: 4 25000 311 28 100 0 majora 37
Note: 9 25000 623 36 100 0 majora 10
Note: 2 25000 311 62 100 0 majora 61
Note: 3 25000 311 40 100 0 majora 29
Note: 9 25000 311 42 100 0 majora 10
Note: 0 25000 311 40 100 0 majora 25
Note: 0 25312 311 54 100 0 majora 25
Note: 4 25312 311 28 100 0 majora 37
Note: 2 25312 311 62 100 0 majora 61
Note: 9 25312 311 42 100 0 majora 10
Note: 3 25312 311 54 100 0 majora 29
Note: 2 25625 311 62 100 0 majora 61
Note: 0 25625 311 59 100 0 majora 25
Note: 3 25625 311 59 100 0 majora 29
Note: 9 25625 311 38 100 0 majora 10
Note: 9 25625 311 42 100 0 majora 10
Note: 4 25625 311 28 100 0 majora 37
Note: 2 25937 311 62 100 0 majora 61
Note: 9 25937 311 42 100 0 majora 10
Note: 3 25937 311 42 100 0 majora 29
Note: 0 25937 311 42 100 0 majora 25
Note: 9 25937 311 36 100 0 majora 10
Note: 4 25937 311 30 100 0 majora 37
Note: 2 26250 154 62 100 0 majora 61
Note: 0 26250 311 54 100 0 majora 25
Note: 9 26250 311 42 100 0 majora 10
Note: 4 26250 311 30 100 0 majora 37
Note: 3 26250 311 54 100 0 majora 29
Note: 2 26406 154 61 100 0 majora 61
Note: 3 26562 311 59 100 0 majora 29
Note: 2 26562 467 59 100 0 majora 61
Note: 4 26562 311 30 100 0 majora 37
Note: 9 26562 311 36 100 0 majora 10
Note: 9 26562 311 42 100 0 majora 10
Note: 0 26562 311 59 100 0 majora 25
Note: 9 26875 311 42 100 0 majora 10
Note: 4 26875 311 33 100 0 majora 37
Note: 0 26875 311 45 100 0 majora 25
Note: 3 26875 311 45 100 0 majora 29
Note: 9 26875 311 38 100 0 majora 10
Note: 3 27187 311 59 100 0 majora 29
Note: 9 27187 311 46 100 0 majora 10
Note: 4 27187 311 33 100 0 majora 37
Note: 0 27187 311 59 100 0 majora 25
Note: 3 27500 311 47 100 0 majora 29
Note: 0 27500 311 47 100 0 majora 25
Note: 4 27500 311 35 100 0 majora 37
Note: 4 27812 311 35 100 0 majora 37
Note: 0 27812 311 54 100 0 majora 25
Note: 3 27812 311 54 100 0 majora 29
Note: 3 28125 311 59 100 0 majora 29
Note: 0 28125 311 59 100 0 majora 25
Note: 4 28125 311 35 100 0 majora 37
Note: 2 28437 311 59 100 0 majora 61
Note: 4 28437 311 31 100 0 majora 37
Note: 0 28437 311 43 100 0 majora 25
Note: 3 28437 311 43 100 0 majora 29
Note: 3 28750 311 54 100 0 majora 29
Note: 2 28750 311 62 100 0 majora 61
Note: 4 28750 311 31 100 0 majora 37
Note: 0 28750 311 54 100 0 majora 25
Note: 4 29062 311 31 100 0 majora 37
Note: 3 29062 311 59 100 0 majora 29
Note: 2 29062 311 59 100 0 majora 61
Note: 0 29062 311 59 100 0 majora 25
Note: 2 29375 311 59 100 0 majora 61
Note: 3 29375 311 54 100 0 majora 29
Note: 4 29375 311 31 100 0 majora 37
Note: 0 29375 311 54 100 0 majora 25
Note: 2 29687 623 59 100 0 majora 61
Note: 0 29687 311 43 100 0 majora 25
Note: 3 29687 311 43 100 0 majora 29
Note: 4 29687 311 31 100 0 majora 37
Note: 3 29843 467 47 100 0 majora 29
Note: 4 30000 311 28 100 0 majora 37
Note: 0 30000 311 40 100 0 majora 25
Note: 3 30000 311 40 100 0 majora 29
Note: 4 30312 311 28 100 0 majora 37
Note: 0 30312 311 54 100 0 majora 25
Note: 3 30312 311 54 100 0 majora 29
Note: 2 30312 1248 59 100 0 majora 61
Note: 0 30625 311 59 100 0 majora 25
Note: 4 30625 311 28 100 0 majora 37
Note: 3 30625 311 59 100 0 majora 29
Note: 0 30937 311 42 100 0 majora 25
Note: 4 30937 311 30 100 0 majora 37
Note: 3 30937 311 42 100 0 majora 29
Note: 0 31250 311 54 100 0 majora 25
Note: 4 31250 311 30 100 0 majora 37
Note: 3 31250 311 54 100 0 majora 29
Note: 0 31562 311 59 100 0 majora 25
Note: 4 31562 311 30 100 0 majora 37
Note: 3 31562 311 59 100 0 majora 29
Note: 3 31875 311 45 100 0 majora 29
Note: 4 31875 311 33 100 0 majora 37
Note: 0 31875 311 45 100 0 majora 25
Note: 0 32187 311 59 100 0 majora 25
Note: 3 32187 311 59 100 0 majora 29
Note: 4 32187 311 33 100 0 majora 37
Note: 0 32500 311 47 100 0 majora 25
Note: 4 32500 311 35 100 0 majora 37
Note: 3 32500 311 47 100 0 majora 29
Note: 4 32812 311 35 100 0 majora 37
Note: 0 32812 311 54 100 0 majora 25
Note: 3 32812 311 54 100 0 majora 29
Note: 0 33125 311 59 100 0 majora 25
Note: 4 33125 311 35 100 0 majora 37
Note: 3 33125 311 59 100 0 majora 29
Note: 0 33437 311 43 100 0 majora 25
Note: 4 33437 311 31 100 0 majora 37
Note: 2 33437 623 62 100 0 majora 61
Note: 3 33437 311 43 100 0 majora 29
Note: 0 33750 311 54 100 0 majora 25
Note: 4 33750 311 31 100 0 majora 37
Note: 3 33750 311 54 100 0 majora 29
Note: 2 34062 623 59 100 0 majora 61
Note: 4 34062 311 31 100 0 majora 37
Note: 3 34062 311 59 100 0 majora 29
Note: 0 34062 311 59 100 0 majora 25
Note: 0 34375 311 54 100 0 majora 25
Note: 4 34375 311 31 100 0 majora 37
Note: 3 34375 311 54 100 0 majora 29
Note: 4 34687 311 31 100 0 majora 37
Note: 0 34687 311 43 100 0 majora 25
Note: 2 34687 311 57 100 0 majora 61
Note: 3 34687 311 43 100 0 majora 29
Note: 2 35000 311 62 100 0 majora 61
Note: 3 35000 311 40 100 0 majora 29
Note: 0 35000 311 40 100 0 majora 25
Note: 4 35000 311 28 100 0 majora 37
Note: 0 35312 311 54 100 0 majora 25
Note: 2 35312 623 62 100 0 majora 61
Note: 4 35312 311 28 100 0 majora 37
Note: 3 35312 311 54 100 0 majora 29
Note: 4 35625 311 28 100 0 majora 37
Note: 3 35625 311 59 100 0 majora 29
Note: 0 35625 311 59 100 0 majora 25
Note: 3 35937 311 42 100 0 majora 29
Note: 4 35937 311 30 100 0 majora 37
Note: 0 35937 311 42 100 0 majora 25
Note: 2 35937 311 62 100 0 majora 61
Note: 0 36250 311 54 100 0 majora 25
Note: 4 36250 311 30 100 0 majora 37
Note: 3 36250 311 54 100 0 majora 29
Note: 2 36250 154 61 100 0 majora 61
Note: 2 36406 623 59 100 0 majora 61
Note: 4 36562 311 30 100 0 majora 37
Note: 3 36562 311 59 100 0 majora 29
Note: 0 36562 311 59 100 0 majora 25
Note: 3 36875 311 45 100 0 majora 29
Note: 4 36875 311 33 100 0 majora 37
Note: 0 36875 311 45 100 0 majora 25
Note: 0 37187 311 59 100 0 majora 25
Note: 4 37187 311 33 100 0 majora 37
Note: 3 37187 311 59 100 0 majora 29
Note: 0 37500 311 47 100 0 majora 25
Note: 4 37500 311 35 100 0 majora 37
Note: 3 37500 311 47 100 0 majora 29
Note: 2 37812 311 59 100 0 majora 61
Note: 4 37812 311 35 100 0 majora 37
Note: 0 37812 311 54 100 0 majora 25
Note: 3 37812 311 54 100 0 majora 29
Note: 0 38125 311 59 100 0 majora 25
Note: 4 38125 311 35 100 0 majora 37
Note: 3 38125 311 59 100 0 majora 29
Note: 2 38125 311 62 100 0 majora 61
Note: 4 38437 311 31 100 0 majora 37
Note: 3 38437 311 43 100 0 majora 29
Note: 2 38437 311 59 100 0 majora 61
Note: 0 38437 311 43 100 0 majora 25
Note: 4 38750 311 31 100 0 majora 37
Note: 0 38750 311 54 100 0 majora 25
Note: 3 38750 311 54 100 0 majora 29
Note: 2 38750 623 59 100 0 majora 61
Note: 3 39062 311 59 100 0 majora 29
Note: 0 39062 311 59 100 0 majora 25
Note: 4 39062 311 31 100 0 majora 37
Note: 3 39375 311 54 100 0 majora 29
Note: 4 39375 311 31 100 0 majora 37
Note: 0 39375 311 54 100 0 majora 25
Note: 2 39687 311 57 100 0 majora 61
Note: 3 39687 311 43 100 0 majora 29
Note: 4 39687 311 31 100 0 majora 37
Note: 0 39687 311 43 100 0 majora 25
Note: 3 40000 2498 40 100 0 majora 29
Note: 3 40000 1873 47 100 0 majora 29
Note: 4 40000 2498 28 100 0 majora 37
Note: 2 40000 311 57 100 0 majora 61
Note: 0 40000 2498 40 100 0 majora 25
Note: 0 40000 1873 47 100 0 majora 25
Note: 2 40312 311 59 100 0 majora 61
Note: 2 40625 311 59 100 0 majora 61
Note: 3 40625 311 64 100 0 majora 29
Note: 0 40625 311 64 100 0 majora 25
Note: 0 40937 1561 59 100 0 majora 25
Note: 3 40937 1561 59 100 0 majora 29
Note: 2 40937 779 59 100 0 majora 61
Note: 0 42500 311 47 100 0 majora 25
Note: 3 42500 311 47 100 0 majora 29
Note: 4 42500 311 35 100 0 majora 37
Note: 4 42812 311 35 100 0 majora 37
Note: 3 42812 311 54 100 0 majora 29
Note: 0 42812 311 54 100 0 majora 25
Note: 0 43125 311 59 100 0 majora 25
Note: 4 43125 311 35 100 0 majora 37
Note: 3 43125 311 59 100 0 majora 29
Note: 3 43437 311 43 100 0 majora 29
Note: 4 43437 311 31 100 0 majora 37
Note: 0 43437 311 43 100 0 majora 25
Note: 2 43437 623 62 100 0 majora 61
Note: 4 43750 311 31 100 0 majora 37
Note: 0 43750 311 54 100 0 majora 25
Note: 3 43750 311 54 100 0 majora 29
Note: 0 44062 311 59 100 0 majora 25
Note: 4 44062 311 31 100 0 majora 37
Note: 3 44062 311 59 100 0 majora 29
Note: 2 44062 311 61 100 0 majora 61
Note: 2 44375 311 61 100 0 majora 61
Note: 0 44375 311 54 100 0 majora 25
Note: 4 44375 311 31 100 0 majora 37
Note: 3 44375 311 54 100 0 majora 29
Note: 0 44687 311 43 100 0 majora 25
Note: 3 44687 311 43 100 0 majora 29
Note: 2 44687 311 61 100 0 majora 61
Note: 4 44687 311 31 100 0 majora 37
Note: 0 45000 311 40 100 0 majora 25
Note: 3 45000 311 40 100 0 majora 29
Note: 4 45000 311 28 100 0 majora 37
Note: 2 45000 154 61 100 0 majora 61
Note: 2 45156 154 62 100 0 majora 61
Note: 4 45312 311 28 100 0 majora 37
Note: 0 45312 311 54 100 0 majora 25
Note: 3 45312 311 54 100 0 majora 29
Note: 2 45312 623 59 100 0 majora 61
Note: 4 45625 311 28 100 0 majora 37
Note: 3 45625 311 59 100 0 majora 29
Note: 0 45625 311 59 100 0 majora 25
Note: 3 45937 311 42 100 0 majora 29
Note: 2 45937 623 58 100 0 majora 61
Note: 0 45937 311 42 100 0 majora 25
Note: 4 45937 311 30 100 0 majora 37
Note: 3 46250 311 54 100 0 majora 29
Note: 4 46250 311 30 100 0 majora 37
Note: 0 46250 311 54 100 0 majora 25
Note: 4 46562 311 30 100 0 majora 37
Note: 0 46562 311 59 100 0 majora 25
Note: 3 46562 311 59 100 0 majora 29
Note: 2 46562 311 54 100 0 majora 61
Note: 4 46875 311 33 100 0 majora 37
Note: 0 46875 311 45 100 0 majora 25
Note: 3 46875 311 45 100 0 majora 29
Note: 4 47187 311 33 100 0 majora 37
Note: 3 47187 311 59 100 0 majora 29
Note: 0 47187 311 59 100 0 majora 25
Note: 0 47500 311 47 100 0 majora 25
Note: 3 47500 311 47 100 0 majora 29
Note: 4 47500 311 35 100 0 majora 37
Note: 2 47812 311 62 100 0 majora 61
Note: 0 47812 311 54 100 0 majora 25
Note: 4 47812 311 35 100 0 majora 37
Note: 3 47812 311 54 100 0 majora 29
Note: 0 48125 311 59 100 0 majora 25
Note: 4 48125 311 35 100 0 majora 37
Note: 2 48125 311 62 100 0 majora 61
Note: 3 48125 311 59 100 0 majora 29
Note: 3 48437 311 43 100 0 majora 29
Note: 4 48437 311 31 100 0 majora 37
Note: 0 48437 311 43 100 0 majora 25
Note: 2 48437 623 62 100 0 majora 61
Note: 0 48750 311 54 100 0 majora 25
Note: 3 48750 311 54 100 0 majora 29
Note: 4 48750 311 31 100 0 majora 37
Note: 0 49062 311 59 100 0 majora 25
Note: 4 49062 311 31 100 0 majora 37
Note: 3 49062 311 59 100 0 majora 29
Note: 2 49062 623 59 100 0 majora 61
Note: 0 49375 311 54 100 0 majora 25
Note: 3 49375 311 54 100 0 majora 29
Note: 4 49375 311 31 100 0 majora 37
Note: 0 49687 311 43 100 0 majora 25
Note: 3 49687 311 43 100 0 majora 29
Note: 2 49687 311 57 100 0 majora 61
Note: 4 49687 311 31 100 0 majora 37
Note: 0 50000 311 40 100 0 majora 25
Note: 3 50000 311 40 100 0 majora 29
Note: 2 50000 154 57 100 0 majora 61
Note: 4 50000 311 28 100 0 majora 37
Note: 2 50156 154 59 100 0 majora 61
Note: 4 50312 311 28 100 0 majora 37
Note: 3 50312 311 54 100 0 majora 29
Note: 0 50312 311 54 100 0 majora 25
Note: 2 50312 1248 59 100 0 majora 61
Note: 4 50625 311 28 100 0 majora 37
Note: 0 50625 311 59 100 0 majora 25
Note: 3 50625 311 59 100 0 majora 29
Note: 3 50937 311 42 100 0 majora 29
Note: 4 50937 311 30 100 0 majora 37
Note: 0 50937 311 42 100 0 majora 25
Note: 0 51250 311 54 100 0 majora 25
Note: 3 51250 311 54 100 0 majora 29
Note: 4 51250 311 30 100 0 majora 37
Note: 0 51562 311 59 100 0 majora 25
Note: 4 51562 311 30 100 0 majora 37
Note: 3 51562 311 59 100 0 majora 29
Note: 0 51875 311 45 100 0 majora 25
Note: 3 51875 311 45 100 0 majora 29
Note: 4 51875 311 33 100 0 majora 37
Note: 0 52187 311 59 100 0 majora 25
Note: 4 52187 311 33 100 0 majora 37
Note: 3 52187 311 59 100 0 majora 29
Note: 3 52500 311 47 100 0 majora 29
Note: 0 52500 311 47 100 0 majora 25
Note: 4 52500 311 35 100 0 majora 37
Note: 0 52812 311 54 100 0 majora 25
Note: 4 52812 311 35 100 0 majora 37
Note: 3 52812 311 54 100 0 majora 29
Note: 2 52812 311 59 100 0 majora 61
Note: 2 53125 311 62 100 0 majora 61
Note: 3 53125 311 59 100 0 majora 29
Note: 0 53125 311 59 100 0 majora 25
Note: 4 53125 311 35 100 0 majora 37
Note: 2 53437 311 59 100 0 majora 61
Note: 3 53437 311 43 100 0 majora 29
Note: 0 53437 311 43 100 0 majora 25
Note: 4 53437 311 31 100 0 majora 37
Note: 0 53750 311 54 100 0 majora 25
Note: 3 53750 311 54 100 0 majora 29
Note: 2 53750 623 59 100 0 majora 61
Note: 4 53750 311 31 100 0 majora 37
Note: 0 54062 311 59 100 0 majora 25
Note: 4 54062 311 31 100 0 majora 37
Note: 3 54062 311 59 100 0 majora 29
Note: 4 54375 311 31 100 0 majora 37
Note: 0 54375 311 54 100 0 majora 25
Note: 3 54375 311 54 100 0 majora 29
Note: 3 54687 311 43 100 0 majora 29
Note: 0 54687 311 43 100 0 majora 25
Note: 2 54687 311 59 100 0 majora 61
Note: 4 54687 311 31 100 0 majora 37
Note: 3 55000 311 40 100 0 majora 29
Note: 0 55000 311 40 100 0 majora 25
Note: 2 55000 311 62 100 0 majora 61
Note: 4 55000 311 28 100 0 majora 37
Note: 3 55312 311 54 100 0 majora 29
Note: 2 55312 623 62 100 0 majora 61
Note: 0 55312 311 54 100 0 majora 25
Note: 4 55312 311 28 100 0 majora 37
Note: 4 55625 311 28 100 0 majora 37
Note: 3 55625 311 59 100 0 majora 29
Note: 0 55625 311 59 100 0 majora 25
Note: 0 55937 311 42 100 0 majora 25
Note: 4 55937 311 30 100 0 majora 37
Note: 3 55937 311 42 100 0 majora 29
Note: 2 55937 311 62 100 0 majora 61
Note: 4 56250 311 30 100 0 majora 37
Note: 0 56250 311 54 100 0 majora 25
Note: 2 56250 154 62 100 0 majora 61
Note: 3 56250 311 54 100 0 majora 29
Note: 2 56406 154 61 100 0 majora 61
Note: 4 56562 311 30 100 0 majora 37
Note: 2 56562 467 59 100 0 majora 61
Note: 0 56562 311 59 100 0 majora 25
Note: 3 56562 311 59 100 0 majora 29
Note: 3 56875 311 45 100 0 majora 29
Note: 0 56875 311 45 100 0 majora 25
Note: 4 56875 311 33 100 0 majora 37
Note: 3 57187 311 59 100 0 majora 29
Note: 0 57187 311 59 100 0 majora 25
Note: 4 57187 311 33 100 0 majora 37
Note: 4 57500 311 35 100 0 majora 37
Note: 0 57500 311 47 100 0 majora 25
Note: 3 57500 311 47 100 0 majora 29
Note: 2 57812 311 59 100 0 majora 61
Note: 0 57812 311 54 100 0 majora 25
Note: 4 57812 311 35 100 0 majora 37
Note: 3 57812 311 54 100 0 majora 29
Note: 3 58125 311 59 100 0 majora 29
Note: 0 58125 311 59 100 0 majora 25
Note: 2 58125 311 62 100 0 majora 61
Note: 4 58125 311 35 100 0 majora 37
Note: 2 58437 311 59 100 0 majora 61
Note: 4 58437 311 31 100 0 majora 37
Note: 0 58437 311 43 100 0 majora 25
Note: 3 58437 311 43 100 0 majora 29
Note: 4 58750 311 31 100 0 majora 37
Note: 2 58750 623 59 100 0 majora 61
Note: 0 58750 311 54 100 0 majora 25
Note: 3 58750 311 54 100 0 majora 29
Note: 4 59062 311 31 100 0 majora 37
Note: 0 59062 311 59 100 0 majora 25
Note: 3 59062 311 59 100 0 majora 29
Note: 4 59375 311 31 100 0 majora 37
Note: 0 59375 311 54 100 0 majora 25
Note: 3 59375 311 54 100 0 majora 29
Note: 2 59687 311 57 100 0 majora 61
Note: 0 59687 311 43 100 0 majora 25
Note: 4 59687 311 31 100 0 majora 37
Note: 3 59687 311 43 100 0 majora 29
Note: 4 60000 4998 28 100 0 majora 37
Note: 2 60000 311 57 100 0 majora 61
Note: 3 60000 4998 62 100 0 majora 29
Note: 0 60000 4998 47 100 0 majora 25
Note: 0 60000 4998 55 100 0 majora 25
Note: 0 60000 4998 40 100 0 majora 25
Note: 3 60000 4998 47 100 0 majora 29
Note: 3 60000 4998 59 100 0 majora 29
Note: 3 60000 4998 64 100 0 majora 29
Note: 0 60000 4998 64 100 0 majora 25
Note: 3 60000 4998 55 100 0 majora 29
Note: 0 60000 4998 62 100 0 majora 25
Note: 3 60000 4998 40 100 0 majora 29
Note: 0 60000 4998 59 100 0 majora 25
Note: 2 60312 311 59 100 0 majora 61
Note: 2 60625 311 59 100 0 majora 61
Note: 2 60937 2186 59 100 0 majora 61
Note: 2 64375 623 59 100 0 majora 61
Note: 2 65000 623 62 100 0 majora 61
Note: 2 65000 623 66 100 0 majora 61
Note: 4 65000 311 35 100 0 majora 37
Note: 0 65000 311 54 100 0 majora 25
Note: 3 65000 311 54 100 0 majora 29
Note: 3 65000 311 47 100 0 majora 29
Note: 0 65000 311 47 100 0 majora 25
Note: 3 65312 311 66 100 0 majora 29
Note: 0 65312 311 59 100 0 majora 25
Note: 4 65312 311 35 100 0 majora 37
Note: 3 65312 311 59 100 0 majora 29
Note: 0 65312 311 66 100 0 majora 25
Note: 3 65312 311 62 100 0 majora 29
Note: 0 65312 311 62 100 0 majora 25
Note: 2 65625 311 61 100 0 majora 61
Note: 2 65625 311 64 100 0 majora 61
Note: 4 65625 311 35 100 0 majora 37
Note: 4 65937 623 30 100 0 majora 37
Note: 2 65937 623 61 100 0 majora 61
Note: 2 65937 623 64 100 0 majora 61
Note: 3 65937 623 49 100 0 majora 29
Note: 3 65937 623 42 100 0 majora 29
Note: 3 65937 623 54 100 0 majora 29
Note: 0 65937 623 49 100 0 majora 25
Note: 0 65937 623 42 100 0 majora 25
Note: 0 65937 623 54 100 0 majora 25
Note: 0 66562 623 58 100 0 majora 25
Note: 2 66562 623 59 100 0 majora 61
Note: 2 66562 623 66 100 0 majora 61
Note: 4 66562 311 30 100 0 majora 37
Note: 0 66562 623 66 100 0 majora 25
Note: 3 66562 623 61 100 0 majora 29
Note: 3 66562 623 66 100 0 majora 29
Note: 3 66562 623 58 100 0 majora 29
Note: 0 66562 623 61 100 0 majora 25
Note: 4 66875 311 30 100 0 majora 37
Note: 4 67187 311 28 100 0 majora 37
Note: 0 67187 311 59 100 0 majora 25
Note: 2 67187 311 55 100 0 majora 61
Note: 2 67187 311 64 100 0 majora 61
Note: 3 67187 311 55 100 0 majora 29
Note: 3 67187 311 64 100 0 majora 29
Note: 0 67187 311 55 100 0 majora 25
Note: 0 67187 311 64 100 0 majora 25
Note: 3 67187 311 59 100 0 majora 29
Note: 4 67500 311 28 100 0 majora 37
Note: 0 67500 311 52 100 0 majora 25
Note: 0 67500 311 47 100 0 majora 25
Note: 0 67500 311 40 100 0 majora 25
Note: 3 67500 311 52 100 0 majora 29
Note: 2 67500 623 64 100 0 majora 61
Note: 2 67500 311 55 100 0 majora 61
Note: 3 67500 311 47 100 0 majora 29
Note: 3 67500 311 40 100 0 majora 29
Note: 0 67812 623 55 100 0 majora 25
Note: 0 67812 623 64 100 0 majora 25
Note: 2 67812 623 52 100 0 majora 61
Note: 0 67812 623 59 100 0 majora 25
Note: 4 67812 311 28 100 0 majora 37
Note: 3 67812 623 55 100 0 majora 29
Note: 3 67812 623 59 100 0 majora 29
Note: 3 67812 623 64 100 0 majora 29
Note: 4 68125 311 28 100 0 majora 37
Note: 4 68437 623 31 100 0 majora 37
Note: 0 68437 623 43 100 0 majora 25
Note: 0 68437 623 67 100 0 majora 25
Note: 0 68437 623 62 100 0 majora 25
Note: 0 68437 623 55 100 0 majora 25
Note: 2 68437 467 50 100 0 majora 61
Note: 2 68437 467 62 100 0 majora 61
Note: 0 68437 623 50 100 0 majora 25
Note: 3 68437 623 50 100 0 majora 29
Note: 3 68437 623 47 100 0 majora 29
Note: 3 68437 623 55 100 0 majora 29
Note: 3 68437 623 67 100 0 majora 29
Note: 3 68437 623 43 100 0 majora 29
Note: 3 68437 623 62 100 0 majora 29
Note: 0 68437 623 47 100 0 majora 25
Note: 4 69062 311 31 100 0 majora 37
Note: 0 69062 311 55 100 0 majora 25
Note: 0 69062 311 62 100 0 majora 25
Note: 3 69062 311 62 100 0 majora 29
Note: 3 69062 311 67 100 0 majora 29
Note: 0 69062 311 67 100 0 majora 25
Note: 3 69062 311 55 100 0 majora 29
Note: 3 69375 311 62 100 0 majora 29
Note: 0 69375 311 55 100 0 majora 25
Note: 0 69375 311 67 100 0 majora 25
Note: 0 69375 311 62 100 0 majora 25
Note: 4 69375 311 31 100 0 majora 37
Note: 3 69375 311 55 100 0 majora 29
Note: 3 69375 311 67 100 0 majora 29
Note: 4 69687 311 31 100 0 majora 37
Note: 0 69687 311 59 100 0 majora 25
Note: 0 69687 311 64 100 0 majora 25
Note: 0 69687 311 55 100 0 majora 25
Note: 3 69687 311 59 100 0 majora 29
Note: 3 69687 311 64 100 0 majora 29
Note: 3 69687 311 55 100 0 majora 29
Note: 4 70000 311 35 100 0 majora 37
Note: 0 70000 311 54 100 0 majora 25
Note: 0 70000 311 47 100 0 majora 25
Note: 2 70000 311 62 100 0 majora 61
Note: 3 70000 311 54 100 0 majora 29
Note: 3 70000 311 47 100 0 majora 29
Note: 4 70312 311 35 100 0 majora 37
Note: 2 70312 623 61 100 0 majora 61
Note: 3 70312 311 59 100 0 majora 29
Note: 3 70312 311 62 100 0 majora 29
Note: 3 70312 311 66 100 0 majora 29
Note: 0 70312 311 59 100 0 majora 25
Note: 0 70312 311 66 100 0 majora 25
Note: 0 70312 311 62 100 0 majora 25
Note: 4 70625 311 35 100 0 majora 37
Note: 0 70937 623 49 100 0 majora 25
Note: 2 70937 623 61 100 0 majora 61
Note: 0 70937 623 42 100 0 majora 25
Note: 3 70937 623 49 100 0 majora 29
Note: 0 70937 623 54 100 0 majora 25
Note: 4 70937 623 30 100 0 majora 37
Note: 3 70937 623 54 100 0 majora 29
Note: 3 70937 623 42 100 0 majora 29
Note: 2 71562 623 59 100 0 majora 61
Note: 4 71562 311 30 100 0 majora 37
Note: 3 71562 623 58 100 0 majora 29
Note: 3 71562 623 66 100 0 majora 29
Note: 0 71562 623 61 100 0 majora 25
Note: 3 71562 623 61 100 0 majora 29
Note: 0 71562 623 58 100 0 majora 25
Note: 0 71562 623 66 100 0 majora 25
Note: 4 71875 311 30 100 0 majora 37
Note: 3 72187 311 55 100 0 majora 29
Note: 2 72187 311 64 100 0 majora 61
Note: 4 72187 311 28 100 0 majora 37
Note: 3 72187 311 59 100 0 majora 29
Note: 3 72187 311 64 100 0 majora 29
Note: 0 72187 311 64 100 0 majora 25
Note: 0 72187 311 59 100 0 majora 25
Note: 0 72187 311 55 100 0 majora 25
Note: 2 72500 311 62 100 0 majora 61
Note: 3 72500 311 40 100 0 majora 29
Note: 3 72500 311 47 100 0 majora 29
Note: 3 72500 311 52 100 0 majora 29
Note: 4 72500 311 28 100 0 majora 37
Note: 0 72500 311 40 100 0 majora 25
Note: 0 72500 311 52 100 0 majora 25
Note: 0 72500 311 47 100 0 majora 25
Note: 2 72812 311 62 100 0 majora 61
Note: 4 72812 311 28 100 0 majora 37
Note: 3 72812 623 59 100 0 majora 29
Note: 3 72812 623 64 100 0 majora 29
Note: 3 72812 623 55 100 0 majora 29
Note: 0 72812 623 55 100 0 majora 25
Note: 0 72812 623 59 100 0 majora 25
Note: 0 72812 623 64 100 0 majora 25
Note: 4 73125 311 28 100 0 majora 37
Note: 2 73125 311 59 100 0 majora 61
Note: 0 73437 623 62 100 0 majora 25
Note: 3 73437 623 62 100 0 majora 29
Note: 2 73437 154 59 100 0 majora 61
Note: 0 73437 623 67 100 0 majora 25
Note: 4 73437 623 31 100 0 majora 37
Note: 3 73437 623 43 100 0 majora 29
Note: 3 73437 623 50 100 0 majora 29
Note: 3 73437 623 47 100 0 majora 29
Note: 0 73437 623 55 100 0 majora 25
Note: 3 73437 623 55 100 0 majora 29
Note: 3 73437 623 67 100 0 majora 29
Note: 0 73437 623 50 100 0 majora 25
Note: 0 73437 623 47 100 0 majora 25
Note: 0 73437 623 43 100 0 majora 25
Note: 2 73593 623 57 100 0 majora 61
Note: 0 74062 311 67 100 0 majora 25
Note: 4 74062 311 31 100 0 majora 37
Note: 0 74062 311 62 100 0 majora 25
Note: 0 74062 311 55 100 0 majora 25
Note: 3 74062 311 55 100 0 majora 29
Note: 3 74062 311 67 100 0 majora 29
Note: 3 74062 311 62 100 0 majora 29
Note: 0 74375 311 55 100 0 majora 25
Note: 0 74375 311 62 100 0 majora 25
Note: 2 74375 623 59 100 0 majora 61
Note: 3 74375 311 67 100 0 majora 29
Note: 4 74375 311 31 100 0 majora 37
Note: 3 74375 311 62 100 0 majora 29
Note: 0 74375 311 67 100 0 majora 25
Note: 3 74375 311 55 100 0 majora 29
Note: 4 74687 311 31 100 0 majora 37
Note: 0 74687 311 64 100 0 majora 25
Note: 0 74687 311 55 100 0 majora 25
Note: 3 74687 311 55 100 0 majora 29
Note: 3 74687 311 64 100 0 majora 29
Note: 0 74687 311 59 100 0 majora 25
Note: 3 74687 311 59 100 0 majora 29
Note: 2 75000 623 66 100 0 majora 61
Note: 0 75000 311 54 100 0 majora 25
Note: 2 75000 623 62 100 0 majora 61
Note: 4 75000 311 35 100 0 majora 37
Note: 3 75000 311 54 100 0 majora 29
Note: 3 75000 311 47 100 0 majora 29
Note: 0 75000 311 47 100 0 majora 25
Note: 0 75312 311 62 100 0 majora 25
Note: 4 75312 311 35 100 0 majora 37
Note: 0 75312 311 66 100 0 majora 25
Note: 3 75312 311 62 100 0 majora 29
Note: 0 75312 311 59 100 0 majora 25
Note: 3 75312 311 66 100 0 majora 29
Note: 3 75312 311 59 100 0 majora 29
Note: 4 75625 311 35 100 0 majora 37
Note: 2 75625 311 61 100 0 majora 61
Note: 2 75625 311 64 100 0 majora 61
Note: 4 75937 623 30 100 0 majora 37
Note: 0 75937 623 42 100 0 majora 25
Note: 0 75937 623 49 100 0 majora 25
Note: 2 75937 623 61 100 0 majora 61
Note: 2 75937 623 64 100 0 majora 61
Note: 3 75937 623 42 100 0 majora 29
Note: 3 75937 623 54 100 0 majora 29
Note: 0 75937 623 54 100 0 majora 25
Note: 3 75937 623 49 100 0 majora 29
Note: 2 76562 623 66 100 0 majora 61
Note: 3 76562 623 66 100 0 majora 29
Note: 0 76562 623 61 100 0 majora 25
Note: 2 76562 623 62 100 0 majora 61
Note: 0 76562 623 58 100 0 majora 25
Note: 0 76562 623 66 100 0 majora 25
Note: 4 76562 311 30 100 0 majora 37
Note: 3 76562 623 61 100 0 majora 29
Note: 3 76562 623 58 100 0 majora 29
Note: 4 76875 311 30 100 0 majora 37
Note: 0 77187 311 64 100 0 majora 25
Note: 4 77187 311 28 100 0 majora 37
Note: 2 77187 1561 64 100 0 majora 61
Note: 2 77187 623 62 100 0 majora 61
Note: 0 77187 311 55 100 0 majora 25
Note: 3 77187 311 55 100 0 majora 29
Note: 3 77187 311 59 100 0 majora 29
Note: 3 77187 311 64 100 0 majora 29
Note: 0 77187 311 59 100 0 majora 25
Note: 4 77500 311 28 100 0 majora 37
Note: 0 77500 311 40 100 0 majora 25
Note: 3 77500 311 47 100 0 majora 29
Note: 3 77500 311 52 100 0 majora 29
Note: 0 77500 311 52 100 0 majora 25
Note: 0 77500 311 47 100 0 majora 25
Note: 3 77500 311 40 100 0 majora 29
Note: 0 77812 623 64 100 0 majora 25
Note: 0 77812 623 55 100 0 majora 25
Note: 4 77812 311 28 100 0 majora 37
Note: 2 77812 154 61 100 0 majora 61
Note: 3 77812 623 59 100 0 majora 29
Note: 3 77812 623 55 100 0 majora 29
Note: 3 77812 623 64 100 0 majora 29
Note: 0 77812 623 59 100 0 majora 25
Note: 2 77968 623 59 100 0 majora 61
Note: 4 78125 311 28 100 0 majora 37
Note: 0 78437 623 43 100 0 majora 25
Note: 4 78437 623 31 100 0 majora 37
Note: 0 78437 623 47 100 0 majora 25
Note: 0 78437 623 50 100 0 majora 25
Note: 0 78437 623 67 100 0 majora 25
Note: 0 78437 623 62 100 0 majora 25
Note: 0 78437 623 55 100 0 majora 25
Note: 3 78437 623 47 100 0 majora 29
Note: 3 78437 623 55 100 0 majora 29
Note: 3 78437 623 62 100 0 majora 29
Note: 3 78437 623 67 100 0 majora 29
Note: 3 78437 623 50 100 0 majora 29
Note: 3 78437 623 43 100 0 majora 29
Note: 4 79062 311 31 100 0 majora 37
Note: 0 79062 311 55 100 0 majora 25
Note: 0 79062 311 67 100 0 majora 25
Note: 0 79062 311 62 100 0 majora 25
Note: 3 79062 311 67 100 0 majora 29
Note: 3 79062 311 55 100 0 majora 29
Note: 3 79062 311 62 100 0 majora 29
Note: 0 79375 311 55 100 0 majora 25
Note: 0 79375 311 62 100 0 majora 25
Note: 0 79375 311 67 100 0 majora 25
Note: 4 79375 311 31 100 0 majora 37
Note: 3 79375 311 55 100 0 majora 29
Note: 3 79375 311 67 100 0 majora 29
Note: 3 79375 311 62 100 0 majora 29
Note: 4 79687 311 31 100 0 majora 37
Note: 0 79687 311 64 100 0 majora 25
Note: 0 79687 311 59 100 0 majora 25
Note: 0 79687 311 55 100 0 majora 25
Note: 3 79687 311 59 100 0 majora 29
Note: 3 79687 311 55 100 0 majora 29
Note: 3 79687 311 64 100 0 majora 29
Note: 4 80000 311 35 100 0 majora 37
Note: 2 80000 311 62 100 0 majora 61
Note: 3 80000 311 47 100 0 majora 29
Note: 3 80000 311 54 100 0 majora 29
Note: 0 80000 311 54 100 0 majora 25
Note: 0 80000 311 47 100 0 majora 25
Note: 4 80312 311 35 100 0 majora 37
Note: 2 80312 623 61 100 0 majora 61
Note: 0 80312 311 59 100 0 majora 25
Note: 0 80312 311 66 100 0 majora 25
Note: 3 80312 311 59 100 0 majora 29
Note: 3 80312 311 66 100 0 majora 29
Note: 0 80312 311 62 100 0 majora 25
Note: 3 80312 311 62 100 0 majora 29
Note: 4 80625 311 35 100 0 majora 37
Note: 4 80937 623 30 100 0 majora 37
Note: 0 80937 623 49 100 0 majora 25
Note: 3 80937 623 54 100 0 majora 29
Note: 0 80937 623 54 100 0 majora 25
Note: 2 80937 623 61 100 0 majora 61
Note: 0 80937 623 42 100 0 majora 25
Note: 3 80937 623 49 100 0 majora 29
Note: 3 80937 623 42 100 0 majora 29
Note: 4 81562 311 30 100 0 majora 37
Note: 2 81562 623 59 100 0 majora 61
Note: 0 81562 623 61 100 0 majora 25
Note: 0 81562 623 58 100 0 majora 25
Note: 0 81562 623 66 100 0 majora 25
Note: 3 81562 623 58 100 0 majora 29
Note: 3 81562 623 61 100 0 majora 29
Note: 3 81562 623 66 100 0 majora 29
Note: 4 81875 311 30 100 0 majora 37
Note: 3 82187 311 55 100 0 majora 29
Note: 2 82187 623 64 100 0 majora 61
Note: 0 82187 311 55 100 0 majora 25
Note: 0 82187 311 64 100 0 majora 25
Note: 0 82187 311 59 100 0 majora 25
Note: 4 82187 311 28 100 0 majora 37
Note: 3 82187 311 59 100 0 majora 29
Note: 3 82187 311 64 100 0 majora 29
Note: 4 82500 311 28 100 0 majora 37
Note: 0 82500 311 52 100 0 majora 25
Note: 0 82500 311 47 100 0 majora 25
Note: 0 82500 311 40 100 0 majora 25
Note: 3 82500 311 40 100 0 majora 29
Note: 3 82500 311 52 100 0 majora 29
Note: 3 82500 311 47 100 0 majora 29
Note: 3 82812 467 64 100 0 majora 29
Note: 0 82812 623 59 100 0 majora 25
Note: 4 82812 311 28 100 0 majora 37
Note: 0 82812 623 55 100 0 majora 25
Note: 2 82812 623 62 100 0 majora 61
Note: 0 82812 623 64 100 0 majora 25
Note: 3 82812 467 55 100 0 majora 29
Note: 3 82812 467 59 100 0 majora 29
Note: 4 83125 311 28 100 0 majora 37
Note: 3 83437 4061 47 100 0 majora 29
Note: 3 83437 4061 55 100 0 majora 29
Note: 2 83437 311 59 100 0 majora 61
Note: 0 83437 1561 55 100 0 majora 25
Note: 0 83437 1561 50 100 0 majora 25
Note: 0 83437 1561 47 100 0 majora 25
Note: 0 83437 1561 43 100 0 majora 25
Note: 3 83437 4061 67 100 0 majora 29
Note: 0 83437 1561 67 100 0 majora 25
Note: 0 83437 1561 62 100 0 majora 25
Note: 4 83437 2811 31 100 0 majora 37
Note: 3 83437 4061 43 100 0 majora 29
Note: 3 83437 4061 50 100 0 majora 29
Note: 3 83437 4061 62 100 0 majora 29
Note: 2 83750 2498 57 100 0 majora 61
Note: 0 87187 154 45 100 0 majora 25
Note: 3 87187 154 45 100 0 majora 29
Note: 0 87343 154 46 100 0 majora 25
Note: 3 87343 154 46 100 0 majora 29
Note: 4 87500 311 35 100 0 majora 37
Note: 0 87500 311 47 100 0 majora 25
Note: 3 87500 311 47 100 0 majora 29
Note: 4 87812 311 35 100 0 majora 37
Note: 0 87812 311 54 100 0 majora 25
Note: 3 87812 311 54 100 0 majora 29
Note: 4 88125 311 35 100 0 majora 37
Note: 0 88125 311 59 100 0 majora 25
Note: 3 88125 311 59 100 0 majora 29
Note: 2 88437 623 62 100 0 majora 61
Note: 3 88437 311 43 100 0 majora 29
Note: 0 88437 311 43 100 0 majora 25
Note: 4 88437 311 31 100 0 majora 37
Note: 4 88750 311 31 100 0 majora 37
Note: 0 88750 311 54 100 0 majora 25
Note: 3 88750 311 54 100 0 majora 29
Note: 3 89062 311 59 100 0 majora 29
Note: 4 89062 311 31 100 0 majora 37
Note: 2 89062 623 59 100 0 majora 61
Note: 0 89062 311 59 100 0 majora 25
Note: 4 89375 311 31 100 0 majora 37
Note: 3 89375 311 54 100 0 majora 29
Note: 0 89375 311 54 100 0 majora 25
Note: 3 89687 311 43 100 0 majora 29
Note: 0 89687 311 43 100 0 majora 25
Note: 2 89687 311 62 100 0 majora 61
Note: 4 89687 311 31 100 0 majora 37
Note: 4 90000 311 28 100 0 majora 37
Note: 2 90000 311 62 100 0 majora 61
Note: 0 90000 311 40 100 0 majora 25
Note: 3 90000 311 40 100 0 majora 29
Note: 4 90312 311 28 100 0 majora 37
Note: 2 90312 311 62 100 0 majora 61
Note: 0 90312 311 54 100 0 majora 25
Note: 3 90312 311 54 100 0 majora 29
Note: 4 90625 311 28 100 0 majora 37
Note: 2 90625 311 61 100 0 majora 61
Note: 0 90625 311 59 100 0 majora 25
Note: 3 90625 311 59 100 0 majora 29
Note: 3 90937 311 42 100 0 majora 29
Note: 4 90937 311 30 100 0 majora 37
Note: 2 90937 779 59 100 0 majora 61
Note: 0 90937 311 42 100 0 majora 25
Note: 4 91250 311 30 100 0 majora 37
Note: 0 91250 311 54 100 0 majora 25
Note: 3 91250 311 54 100 0 majora 29
Note: 4 91562 311 30 100 0 majora 37
Note: 0 91562 311 59 100 0 majora 25
Note: 3 91562 311 59 100 0 majora 29
Note: 4 91875 311 33 100 0 majora 37
Note: 0 91875 311 45 100 0 majora 25
Note: 3 91875 311 45 100 0 majora 29
Note: 3 92187 311 59 100 0 majora 29
Note: 0 92187 311 59 100 0 majora 25
Note: 4 92187 311 33 100 0 majora 37
Note: 4 92500 311 35 100 0 majora 37
Note: 0 92500 311 47 100 0 majora 25
Note: 3 92500 311 47 100 0 majora 29
Note: 4 92812 311 35 100 0 majora 37
Note: 2 92812 311 62 100 0 majora 61
Note: 0 92812 311 54 100 0 majora 25
Note: 3 92812 311 54 100 0 majora 29
Note: 4 93125 311 35 100 0 majora 37
Note: 2 93125 311 62 100 0 majora 61
Note: 0 93125 311 59 100 0 majora 25
Note: 3 93125 311 59 100 0 majora 29
Note: 3 93437 311 43 100 0 majora 29
Note: 0 93437 311 43 100 0 majora 25
Note: 4 93437 311 31 100 0 majora 37
Note: 2 93437 311 59 100 0 majora 61
Note: 4 93750 311 31 100 0 majora 37
Note: 2 93750 311 62 100 0 majora 61
Note: 0 93750 311 54 100 0 majora 25
Note: 3 93750 311 54 100 0 majora 29
Note: 3 94062 311 59 100 0 majora 29
Note: 4 94062 311 31 100 0 majora 37
Note: 2 94062 623 59 100 0 majora 61
Note: 0 94062 311 59 100 0 majora 25
Note: 4 94375 311 31 100 0 majora 37
Note: 0 94375 311 54 100 0 majora 25
Note: 3 94375 311 54 100 0 majora 29
Note: 2 94687 311 59 100 0 majora 61
Note: 0 94687 311 43 100 0 majora 25
Note: 4 94687 311 31 100 0 majora 37
Note: 3 94687 311 43 100 0 majora 29
Note: 4 95000 311 28 100 0 majora 37
Note: 2 95000 311 69 100 0 majora 61
Note: 0 95000 311 40 100 0 majora 25
Note: 3 95000 311 40 100 0 majora 29
Note: 4 95312 311 28 100 0 majora 37
Note: 2 95312 311 64 100 0 majora 61
Note: 3 95312 311 54 100 0 majora 29
Note: 0 95312 311 54 100 0 majora 25
Note: 4 95625 311 28 100 0 majora 37
Note: 2 95625 311 64 100 0 majora 61
Note: 0 95625 311 59 100 0 majora 25
Note: 3 95625 311 59 100 0 majora 29
Note: 2 95937 154 64 100 0 majora 61
Note: 0 95937 311 42 100 0 majora 25
Note: 4 95937 311 30 100 0 majora 37
Note: 3 95937 311 42 100 0 majora 29
Note: 2 96093 311 62 100 0 majora 61
Note: 4 96250 311 30 100 0 majora 37
Note: 0 96250 311 54 100 0 majora 25
Note: 3 96250 311 54 100 0 majora 29
Note: 2 96406 154 64 100 0 majora 61
Note: 4 96562 311 30 100 0 majora 37
Note: 2 96562 936 66 100 0 majora 61
Note: 0 96562 311 59 100 0 majora 25
Note: 3 96562 311 59 100 0 majora 29
Note: 4 96875 311 33 100 0 majora 37
Note: 0 96875 311 45 100 0 majora 25
Note: 3 96875 311 45 100 0 majora 29
Note: 3 97187 311 59 100 0 majora 29
Note: 4 97187 311 33 100 0 majora 37
Note: 0 97187 311 59 100 0 majora 25
Note: 4 97500 311 35 100 0 majora 37
Note: 0 97500 311 47 100 0 majora 25
Note: 3 97500 311 47 100 0 majora 29
Note: 4 97812 311 35 100 0 majora 37
Note: 2 97812 311 59 100 0 majora 61
Note: 0 97812 311 54 100 0 majora 25
Note: 3 97812 311 54 100 0 majora 29
Note: 4 98125 311 35 100 0 majora 37
Note: 2 98125 311 62 100 0 majora 61
Note: 0 98125 311 59 100 0 majora 25
Note: 3 98125 311 59 100 0 majora 29
Note: 3 98437 311 43 100 0 majora 29
Note: 2 98437 311 59 100 0 majora 61
Note: 0 98437 311 43 100 0 majora 25
Note: 4 98437 311 31 100 0 majora 37
Note: 4 98750 311 31 100 0 majora 37
Note: 2 98750 623 59 100 0 majora 61
Note: 0 98750 311 54 100 0 majora 25
Note: 3 98750 311 54 100 0 majora 29
Note: 3 99062 311 59 100 0 majora 29
Note: 0 99062 311 59 100 0 majora 25
Note: 4 99062 311 31 100 0 majora 37
Note: 4 99375 311 31 100 0 majora 37
Note: 0 99375 311 54 100 0 majora 25
Note: 3 99375 311 54 100 0 majora 29
Note: 3 99687 311 43 100 0 majora 29
Note: 2 99687 311 59 100 0 majora 61
Note: 0 99687 311 43 100 0 majora 25
Note: 4 99687 311 31 100 0 majora 37
Note: 4 100000 311 28 100 0 majora 37
Note: 2 100000 311 62 100 0 majora 61
Note: 0 100000 311 40 100 0 majora 25
Note: 3 100000 311 40 100 0 majora 29
Note: 4 100312 311 28 100 0 majora 37
Note: 2 100312 311 62 100 0 majora 61
Note: 3 100312 311 54 100 0 majora 29
Note: 0 100312 311 54 100 0 majora 25
Note: 4 100625 311 28 100 0 majora 37
Note: 2 100625 311 62 100 0 majora 61
Note: 0 100625 311 59 100 0 majora 25
Note: 3 100625 311 59 100 0 majora 29
Note: 3 100937 311 42 100 0 majora 29
Note: 2 100937 311 62 100 0 majora 61
Note: 0 100937 311 42 100 0 majora 25
Note: 4 100937 311 30 100 0 majora 37
Note: 4 101250 311 30 100 0 majora 37
Note: 2 101250 154 61 100 0 majora 61
Note: 0 101250 311 54 100 0 majora 25
Note: 3 101250 311 54 100 0 majora 29
Note: 2 101406 623 59 100 0 majora 61
Note: 4 101562 311 30 100 0 majora 37
Note: 3 101562 311 59 100 0 majora 29
Note: 0 101562 311 59 100 0 majora 25
Note: 4 101875 311 33 100 0 majora 37
Note: 0 101875 311 45 100 0 majora 25
Note: 3 101875 311 45 100 0 majora 29
Note: 3 102187 311 59 100 0 majora 29
Note: 0 102187 311 59 100 0 majora 25
Note: 4 102187 311 33 100 0 majora 37
Note: 4 102500 311 35 100 0 majora 37
Note: 0 102500 311 47 100 0 majora 25
Note: 3 102500 311 47 100 0 majora 29
Note: 4 102812 311 35 100 0 majora 37
Note: 2 102812 311 59 100 0 majora 61
Note: 0 102812 311 54 100 0 majora 25
Note: 3 102812 311 54 100 0 majora 29
Note: 4 103125 311 35 100 0 majora 37
Note: 2 103125 311 62 100 0 majora 61
Note: 0 103125 311 59 100 0 majora 25
Note: 3 103125 311 59 100 0 majora 29
Note: 2 103437 311 59 100 0 majora 61
Note: 0 103437 311 43 100 0 majora 25
Note: 3 103437 311 43 100 0 majora 29
Note: 4 103437 311 31 100 0 majora 37
Note: 4 103750 311 31 100 0 majora 37
Note: 2 103750 311 59 100 0 majora 61
Note: 0 103750 311 54 100 0 majora 25
Note: 3 103750 311 54 100 0 majora 29
Note: 4 104062 311 31 100 0 majora 37
Note: 2 104062 311 57 100 0 majora 61
Note: 0 104062 311 59 100 0 majora 25
Note: 3 104062 311 59 100 0 majora 29
Note: 4 104375 311 31 100 0 majora 37
Note: 2 104375 311 59 100 0 majora 61
Note: 0 104375 311 54 100 0 majora 25
Note: 3 104375 311 54 100 0 majora 29
Note: 0 104687 311 43 100 0 majora 25
Note: 3 104687 311 43 100 0 majora 29
Note: 2 104687 311 59 100 0 majora 61
Note: 4 104687 311 31 100 0 majora 37
Note: 4 105000 4998 28 100 0 majora 37
Note: 3 105000 4998 64 100 0 majora 29
Note: 2 105000 311 69 100 0 majora 61
Note: 3 105000 4998 59 100 0 majora 29
Note: 0 105000 4998 59 100 0 majora 25
Note: 0 105000 4998 55 100 0 majora 25
Note: 0 105000 4998 47 100 0 majora 25
Note: 0 105000 4998 40 100 0 majora 25
Note: 0 105000 4998 64 100 0 majora 25
Note: 0 105000 4998 62 100 0 majora 25
Note: 3 105000 4998 40 100 0 majora 29
Note: 3 105000 4998 47 100 0 majora 29
Note: 3 105000 4998 55 100 0 majora 29
Note: 3 105000 4998 62 100 0 majora 29
Note: 2 105312 311 64 100 0 majora 61
Note: 2 105625 311 64 100 0 majora 61
Note: 2 105937 311 64 100 0 majora 61
Note: 2 106250 1248 62 100 0 majora 61
Note: 2 107187 1561 61 100 0 majora 61
Note: 2 109375 623 59 100 0 majora 61
Note: 4 110000 311 35 100 0 majora 37
Note: 3 110000 311 47 100 0 majora 29
Note: 2 110000 623 62 100 0 majora 61
Note: 2 110000 623 66 100 0 majora 61
Note: 0 110000 311 47 100 0 majora 25
Note: 0 110000 311 54 100 0 majora 25
Note: 3 110000 311 54 100 0 majora 29
Note: 4 110312 311 35 100 0 majora 37
Note: 0 110312 311 66 100 0 majora 25
Note: 0 110312 311 62 100 0 majora 25
Note: 0 110312 311 59 100 0 majora 25
Note: 3 110312 311 59 100 0 majora 29
Note: 3 110312 311 66 100 0 majora 29
Note: 3 110312 311 62 100 0 majora 29
Note: 2 110625 311 61 100 0 majora 61
Note: 2 110625 311 64 100 0 majora 61
Note: 4 110625 311 35 100 0 majora 37
Note: 4 110937 623 30 100 0 majora 37
Note: 3 110937 623 42 100 0 majora 29
Note: 2 110937 623 61 100 0 majora 61
Note: 2 110937 623 64 100 0 majora 61
Note: 0 110937 623 49 100 0 majora 25
Note: 0 110937 623 42 100 0 majora 25
Note: 0 110937 623 54 100 0 majora 25
Note: 3 110937 623 49 100 0 majora 29
Note: 3 110937 623 54 100 0 majora 29
Note: 2 111562 623 59 100 0 majora 61
Note: 2 111562 623 66 100 0 majora 61
Note: 3 111562 623 61 100 0 majora 29
Note: 0 111562 623 58 100 0 majora 25
Note: 0 111562 623 61 100 0 majora 25
Note: 0 111562 623 66 100 0 majora 25
Note: 4 111562 311 30 100 0 majora 37
Note: 3 111562 623 58 100 0 majora 29
Note: 3 111562 623 66 100 0 majora 29
Note: 4 111875 311 30 100 0 majora 37
Note: 3 112187 311 64 100 0 majora 29
Note: 2 112187 936 64 100 0 majora 61
Note: 2 112187 623 55 100 0 majora 61
Note: 0 112187 311 64 100 0 majora 25
Note: 0 112187 311 59 100 0 majora 25
Note: 0 112187 311 55 100 0 majora 25
Note: 4 112187 311 28 100 0 majora 37
Note: 3 112187 311 59 100 0 majora 29
Note: 3 112187 311 55 100 0 majora 29
Note: 4 112500 311 28 100 0 majora 37
Note: 3 112500 311 47 100 0 majora 29
Note: 0 112500 311 52 100 0 majora 25
Note: 0 112500 311 47 100 0 majora 25
Note: 0 112500 311 40 100 0 majora 25
Note: 3 112500 311 40 100 0 majora 29
Note: 3 112500 311 52 100 0 majora 29
Note: 4 112812 311 28 100 0 majora 37
Note: 2 112812 623 52 100 0 majora 61
Note: 0 112812 623 55 100 0 majora 25
Note: 0 112812 623 64 100 0 majora 25
Note: 0 112812 623 59 100 0 majora 25
Note: 3 112812 623 59 100 0 majora 29
Note: 3 112812 623 64 100 0 majora 29
Note: 3 112812 623 55 100 0 majora 29
Note: 4 113125 311 28 100 0 majora 37
Note: 3 113437 623 55 100 0 majora 29
Note: 3 113437 623 47 100 0 majora 29
Note: 3 113437 623 67 100 0 majora 29
Note: 2 113437 467 50 100 0 majora 61
Note: 2 113437 467 62 100 0 majora 61
Note: 0 113437 623 55 100 0 majora 25
Note: 0 113437 623 50 100 0 majora 25
Note: 0 113437 623 47 100 0 majora 25
Note: 0 113437 623 43 100 0 majora 25
Note: 0 113437 623 62 100 0 majora 25
Note: 0 113437 623 67 100 0 majora 25
Note: 4 113437 623 31 100 0 majora 37
Note: 3 113437 623 43 100 0 majora 29
Note: 3 113437 623 50 100 0 majora 29
Note: 3 113437 623 62 100 0 majora 29
Note: 4 114062 311 31 100 0 majora 37
Note: 0 114062 311 67 100 0 majora 25
Note: 0 114062 311 62 100 0 majora 25
Note: 0 114062 311 55 100 0 majora 25
Note: 3 114062 311 55 100 0 majora 29
Note: 3 114062 311 62 100 0 majora 29
Note: 3 114062 311 67 100 0 majora 29
Note: 3 114375 311 55 100 0 majora 29
Note: 4 114375 311 31 100 0 majora 37
Note: 0 114375 311 55 100 0 majora 25
Note: 0 114375 311 67 100 0 majora 25
Note: 0 114375 311 62 100 0 majora 25
Note: 3 114375 311 62 100 0 majora 29
Note: 3 114375 311 67 100 0 majora 29
Note: 4 114687 311 31 100 0 majora 37
Note: 3 114687 311 59 100 0 majora 29
Note: 0 114687 311 55 100 0 majora 25
Note: 0 114687 311 59 100 0 majora 25
Note: 0 114687 311 64 100 0 majora 25
Note: 3 114687 311 55 100 0 majora 29
Note: 3 114687 311 64 100 0 majora 29
Note: 2 115000 311 62 100 0 majora 61
Note: 0 115000 311 54 100 0 majora 25
Note: 0 115000 311 47 100 0 majora 25
Note: 4 115000 311 35 100 0 majora 37
Note: 3 115000 311 47 100 0 majora 29
Note: 3 115000 311 54 100 0 majora 29
Note: 4 115312 311 35 100 0 majora 37
Note: 3 115312 311 59 100 0 majora 29
Note: 3 115312 311 66 100 0 majora 29
Note: 2 115312 623 61 100 0 majora 61
Note: 0 115312 311 62 100 0 majora 25
Note: 0 115312 311 59 100 0 majora 25
Note: 0 115312 311 66 100 0 majora 25
Note: 3 115312 311 62 100 0 majora 29
Note: 4 115625 311 35 100 0 majora 37
Note: 4 115937 623 30 100 0 majora 37
Note: 3 115937 623 49 100 0 majora 29
Note: 2 115937 623 61 100 0 majora 61
Note: 0 115937 623 42 100 0 majora 25
Note: 0 115937 623 49 100 0 majora 25
Note: 0 115937 623 54 100 0 majora 25
Note: 3 115937 623 42 100 0 majora 29
Note: 3 115937 623 54 100 0 majora 29
Note: 2 116562 623 59 100 0 majora 61
Note: 0 116562 623 66 100 0 majora 25
Note: 0 116562 623 61 100 0 majora 25
Note: 4 116562 311 30 100 0 majora 37
Note: 0 116562 623 58 100 0 majora 25
Note: 3 116562 623 58 100 0 majora 29
Note: 3 116562 623 61 100 0 majora 29
Note: 3 116562 623 66 100 0 majora 29
Note: 4 116875 311 30 100 0 majora 37
Note: 3 117187 311 55 100 0 majora 29
Note: 2 117187 311 64 100 0 majora 61
Note: 4 117187 311 28 100 0 majora 37
Note: 0 117187 311 64 100 0 majora 25
Note: 0 117187 311 59 100 0 majora 25
Note: 0 117187 311 55 100 0 majora 25
Note: 3 117187 311 59 100 0 majora 29
Note: 3 117187 311 64 100 0 majora 29
Note: 4 117500 311 28 100 0 majora 37
Note: 3 117500 311 40 100 0 majora 29
Note: 3 117500 311 52 100 0 majora 29
Note: 2 117500 311 62 100 0 majora 61
Note: 0 117500 311 40 100 0 majora 25
Note: 0 117500 311 52 100 0 majora 25
Note: 0 117500 311 47 100 0 majora 25
Note: 3 117500 311 47 100 0 majora 29
Note: 3 117812 623 59 100 0 majora 29
Note: 3 117812 623 55 100 0 majora 29
Note: 2 117812 311 62 100 0 majora 61
Note: 0 117812 623 64 100 0 majora 25
Note: 0 117812 623 59 100 0 majora 25
Note: 0 117812 623 55 100 0 majora 25
Note: 3 117812 623 64 100 0 majora 29
Note: 4 117812 311 28 100 0 majora 37
Note: 4 118125 311 28 100 0 majora 37
Note: 2 118125 311 59 100 0 majora 61
Note: 4 118437 623 31 100 0 majora 37
Note: 0 118437 623 55 100 0 majora 25
Note: 0 118437 623 50 100 0 majora 25
Note: 3 118437 623 50 100 0 majora 29
Note: 2 118437 154 59 100 0 majora 61
Note: 0 118437 623 62 100 0 majora 25
Note: 0 118437 623 47 100 0 majora 25
Note: 0 118437 623 43 100 0 majora 25
Note: 3 118437 623 43 100 0 majora 29
Note: 3 118437 623 47 100 0 majora 29
Note: 3 118437 623 55 100 0 majora 29
Note: 3 118437 623 62 100 0 majora 29
Note: 3 118437 623 67 100 0 majora 29
Note: 0 118437 623 67 100 0 majora 25
Note: 2 118593 623 57 100 0 majora 61
Note: 4 119062 311 31 100 0 majora 37
Note: 3 119062 311 62 100 0 majora 29
Note: 0 119062 311 67 100 0 majora 25
Note: 0 119062 311 62 100 0 majora 25
Note: 0 119062 311 55 100 0 majora 25
Note: 3 119062 311 55 100 0 majora 29
Note: 3 119062 311 67 100 0 majora 29
Note: 3 119375 311 62 100 0 majora 29
Note: 0 119375 311 67 100 0 majora 25
Note: 2 119375 623 59 100 0 majora 61
Note: 0 119375 311 62 100 0 majora 25
Note: 4 119375 311 31 100 0 majora 37
Note: 3 119375 311 55 100 0 majora 29
Note: 3 119375 311 67 100 0 majora 29
Note: 0 119375 311 55 100 0 majora 25
Note: 4 119687 311 31 100 0 majora 37
Note: 0 119687 311 59 100 0 majora 25
Note: 0 119687 311 55 100 0 majora 25
Note: 3 119687 311 55 100 0 majora 29
Note: 3 119687 311 59 100 0 majora 29
Note: 0 119687 311 64 100 0 majora 25
Note: 3 119687 311 64 100 0 majora 29
Note: 4 120000 311 35 100 0 majora 37
Note: 2 120000 623 62 100 0 majora 61
Note: 2 120000 623 66 100 0 majora 61
Note: 0 120000 311 54 100 0 majora 25
Note: 0 120000 311 47 100 0 majora 25
Note: 3 120000 311 47 100 0 majora 29
Note: 3 120000 311 54 100 0 majora 29
Note: 4 120312 311 35 100 0 majora 37
Note: 0 120312 311 59 100 0 majora 25
Note: 3 120312 311 62 100 0 majora 29
Note: 0 120312 311 62 100 0 majora 25
Note: 3 120312 311 59 100 0 majora 29
Note: 3 120312 311 66 100 0 majora 29
Note: 0 120312 311 66 100 0 majora 25
Note: 2 120625 311 61 100 0 majora 61
Note: 2 120625 311 64 100 0 majora 61
Note: 4 120625 311 35 100 0 majora 37
Note: 4 120937 623 30 100 0 majora 37
Note: 0 120937 623 49 100 0 majora 25
Note: 2 120937 623 61 100 0 majora 61
Note: 2 120937 623 64 100 0 majora 61
Note: 0 120937 623 42 100 0 majora 25
Note: 3 120937 623 42 100 0 majora 29
Note: 3 120937 623 49 100 0 majora 29
Note: 3 120937 623 54 100 0 majora 29
Note: 0 120937 623 54 100 0 majora 25
Note: 4 121562 311 30 100 0 majora 37
Note: 0 121562 623 66 100 0 majora 25
Note: 3 121562 623 58 100 0 majora 29
Note: 2 121562 623 62 100 0 majora 61
Note: 2 121562 623 66 100 0 majora 61
Note: 3 121562 623 61 100 0 majora 29
Note: 3 121562 623 66 100 0 majora 29
Note: 0 121562 623 58 100 0 majora 25
Note: 0 121562 623 61 100 0 majora 25
Note: 4 121875 311 30 100 0 majora 37
Note: 3 122187 311 55 100 0 majora 29
Note: 2 122187 1561 64 100 0 majora 61
Note: 2 122187 623 62 100 0 majora 61
Note: 4 122187 311 28 100 0 majora 37
Note: 3 122187 311 59 100 0 majora 29
Note: 3 122187 311 64 100 0 majora 29
Note: 0 122187 311 55 100 0 majora 25
Note: 0 122187 311 64 100 0 majora 25
Note: 0 122187 311 59 100 0 majora 25
Note: 4 122500 311 28 100 0 majora 37
Note: 3 122500 311 47 100 0 majora 29
Note: 0 122500 311 52 100 0 majora 25
Note: 3 122500 311 40 100 0 majora 29
Note: 3 122500 311 52 100 0 majora 29
Note: 0 122500 311 47 100 0 majora 25
Note: 0 122500 311 40 100 0 majora 25
Note: 4 122812 311 28 100 0 majora 37
Note: 3 122812 623 64 100 0 majora 29
Note: 2 122812 154 61 100 0 majora 61
Note: 0 122812 623 55 100 0 majora 25
Note: 3 122812 623 55 100 0 majora 29
Note: 3 122812 623 59 100 0 majora 29
Note: 0 122812 623 59 100 0 majora 25
Note: 0 122812 623 64 100 0 majora 25
Note: 2 122968 623 59 100 0 majora 61
Note: 4 123125 311 28 100 0 majora 37
Note: 3 123437 623 62 100 0 majora 29
Note: 4 123437 623 31 100 0 majora 37
Note: 3 123437 623 43 100 0 majora 29
Note: 3 123437 623 47 100 0 majora 29
Note: 3 123437 623 50 100 0 majora 29
Note: 3 123437 623 55 100 0 majora 29
Note: 3 123437 623 67 100 0 majora 29
Note: 0 123437 623 55 100 0 majora 25
Note: 0 123437 623 50 100 0 majora 25
Note: 0 123437 623 47 100 0 majora 25
Note: 0 123437 623 43 100 0 majora 25
Note: 0 123437 623 67 100 0 majora 25
Note: 0 123437 623 62 100 0 majora 25
Note: 4 124062 311 31 100 0 majora 37
Note: 3 124062 311 62 100 0 majora 29
Note: 3 124062 311 55 100 0 majora 29
Note: 3 124062 311 67 100 0 majora 29
Note: 0 124062 311 55 100 0 majora 25
Note: 0 124062 311 62 100 0 majora 25
Note: 0 124062 311 67 100 0 majora 25
Note: 4 124375 311 31 100 0 majora 37
Note: 3 124375 311 67 100 0 majora 29
Note: 3 124375 311 55 100 0 majora 29
Note: 3 124375 311 62 100 0 majora 29
Note: 0 124375 311 67 100 0 majora 25
Note: 0 124375 311 62 100 0 majora 25
Note: 0 124375 311 55 100 0 majora 25
Note: 4 124687 311 31 100 0 majora 37
Note: 3 124687 311 55 100 0 majora 29
Note: 3 124687 311 59 100 0 majora 29
Note: 3 124687 311 64 100 0 majora 29
Note: 0 124687 311 55 100 0 majora 25
Note: 0 124687 311 64 100 0 majora 25
Note: 0 124687 311 59 100 0 majora 25
Note: 4 125000 311 35 100 0 majora 37
Note: 2 125000 311 62 100 0 majora 61
Note: 3 125000 311 47 100 0 majora 29
Note: 3 125000 311 54 100 0 majora 29
Note: 0 125000 311 47 100 0 majora 25
Note: 0 125000 311 54 100 0 majora 25
Note: 2 125312 623 61 100 0 majora 61
Note: 4 125312 311 35 100 0 majora 37
Note: 3 125312 311 59 100 0 majora 29
Note: 3 125312 311 62 100 0 majora 29
Note: 3 125312 311 66 100 0 majora 29
Note: 0 125312 311 66 100 0 majora 25
Note: 0 125312 311 62 100 0 majora 25
Note: 0 125312 311 59 100 0 majora 25
Note: 4 125625 311 35 100 0 majora 37
Note: 4 125937 623 30 100 0 majora 37
Note: 3 125937 623 42 100 0 majora 29
Note: 2 125937 623 61 100 0 majora 61
Note: 3 125937 623 49 100 0 majora 29
Note: 3 125937 623 54 100 0 majora 29
Note: 0 125937 623 54 100 0 majora 25
Note: 0 125937 623 49 100 0 majora 25
Note: 0 125937 623 42 100 0 majora 25
Note: 2 126562 623 59 100 0 majora 61
Note: 3 126562 623 58 100 0 majora 29
Note: 3 126562 623 61 100 0 majora 29
Note: 3 126562 623 66 100 0 majora 29
Note: 4 126562 311 30 100 0 majora 37
Note: 0 126562 623 58 100 0 majora 25
Note: 0 126562 623 66 100 0 majora 25
Note: 0 126562 623 61 100 0 majora 25
Note: 4 126875 311 30 100 0 majora 37
Note: 2 127187 623 64 100 0 majora 61
Note: 3 127187 311 59 100 0 majora 29
Note: 4 127187 311 28 100 0 majora 37
Note: 3 127187 311 55 100 0 majora 29
Note: 3 127187 311 64 100 0 majora 29
Note: 0 127187 311 64 100 0 majora 25
Note: 0 127187 311 59 100 0 majora 25
Note: 0 127187 311 55 100 0 majora 25
Note: 4 127500 311 28 100 0 majora 37
Note: 0 127500 311 52 100 0 majora 25
Note: 0 127500 311 47 100 0 majora 25
Note: 3 127500 311 40 100 0 majora 29
Note: 3 127500 311 47 100 0 majora 29
Note: 3 127500 311 52 100 0 majora 29
Note: 0 127500 311 40 100 0 majora 25
Note: 0 127812 623 64 100 0 majora 25
Note: 0 127812 623 59 100 0 majora 25
Note: 0 127812 623 55 100 0 majora 25
Note: 4 127812 311 28 100 0 majora 37
Note: 2 127812 623 62 100 0 majora 61
Note: 3 127812 623 55 100 0 majora 29
Note: 3 127812 623 59 100 0 majora 29
Note: 3 127812 623 64 100 0 majora 29
Note: 4 128125 311 28 100 0 majora 37
Note: 0 128437 1561 50 100 0 majora 25
Note: 0 128437 1561 47 100 0 majora 25
Note: 0 128437 1561 43 100 0 majora 25
Note: 0 128437 1561 55 100 0 majora 25
Note: 0 128437 1561 67 100 0 majora 25
Note: 0 128437 1561 62 100 0 majora 25
Note: 4 128437 1561 31 100 0 majora 37
Note: 3 128437 1561 47 100 0 majora 29
Note: 2 128437 311 59 100 0 majora 61
Note: 3 128437 1561 62 100 0 majora 29
Note: 3 128437 1561 43 100 0 majora 29
Note: 3 128437 1561 50 100 0 majora 29
Note: 3 128437 1561 55 100 0 majora 29
Note: 3 128437 1561 67 100 0 majora 29
Note: 2 128750 2498 57 100 0 majora 61
Note: 0 130000 936 54 100 0 majora 25
Note: 0 130000 936 47 100 0 majora 25
Note: 0 130000 936 42 100 0 majora 25
Note: 0 130000 936 59 100 0 majora 25
Note: 4 130000 936 35 100 0 majora 37
Note: 0 130937 1561 45 100 0 majora 25
Note: 0 130937 1561 57 100 0 majora 25
Note: 0 130937 1248 50 100 0 majora 25
Note: 0 130937 1561 62 100 0 majora 25
Note: 4 130937 1248 38 100 0 majora 37
Note: 3 131562 311 59 100 0 majora 29
Note: 3 131875 311 57 100 0 majora 29
Note: 0 132187 311 55 100 0 majora 25
Note: 0 132187 311 50 100 0 majora 25
Note: 3 132187 311 54 100 0 majora 29
Note: 0 132500 1248 55 100 0 majora 25
Note: 0 132500 1248 50 100 0 majora 25
Note: 0 132500 1248 43 100 0 majora 25
Note: 4 132500 936 31 100 0 majora 37
Note: 3 132500 936 55 100 0 majora 29
Note: 0 133437 1561 42 100 0 majora 25
Note: 0 133437 1561 54 100 0 majora 25
Note: 0 133437 1561 49 100 0 majora 25
Note: 4 133437 1248 30 100 0 majora 37
Note: 3 133437 623 54 100 0 majora 29
Note: 3 134062 311 62 100 0 majora 29
Note: 3 134375 311 61 100 0 majora 29
Note: 0 134687 311 45 100 0 majora 25
Note: 0 134687 311 40 100 0 majora 25
Note: 3 134687 311 57 100 0 majora 29
Note: 0 135000 936 47 100 0 majora 25
Note: 0 135000 936 42 100 0 majora 25
Note: 0 135000 936 54 100 0 majora 25
Note: 0 135000 936 59 100 0 majora 25
Note: 4 135000 936 35 100 0 majora 37
Note: 2 135000 936 59 100 0 majora 61
Note: 3 135000 623 59 100 0 majora 29
Note: 0 135937 779 62 100 0 majora 25
Note: 0 135937 779 57 100 0 majora 25
Note: 0 135937 779 50 100 0 majora 25
Note: 0 135937 779 45 100 0 majora 25
Note: 4 135937 1248 38 100 0 majora 37
Note: 2 135937 779 54 100 0 majora 61
Note: 0 136875 311 45 100 0 majora 25
Note: 0 136875 311 50 100 0 majora 25
Note: 0 136875 311 57 100 0 majora 25
Note: 0 136875 311 62 100 0 majora 25
Note: 2 137187 311 52 100 0 majora 61
Note: 0 137187 311 55 100 0 majora 25
Note: 0 137187 311 50 100 0 majora 25
Note: 0 137500 936 55 100 0 majora 25
Note: 0 137500 936 43 100 0 majora 25
Note: 0 137500 936 50 100 0 majora 25
Note: 4 137500 936 31 100 0 majora 37
Note: 2 137500 311 54 100 0 majora 61
Note: 2 137812 623 55 100 0 majora 61
Note: 4 138437 1248 30 100 0 majora 37
Note: 0 138437 779 42 100 0 majora 25
Note: 0 138437 779 54 100 0 majora 25
Note: 2 138437 1561 54 100 0 majora 61
Note: 0 138437 779 49 100 0 majora 25
Note: 3 138437 311 59 100 0 majora 29
Note: 3 139062 311 62 100 0 majora 29
Note: 0 139375 311 49 100 0 majora 25
Note: 3 139375 311 61 100 0 majora 29
Note: 0 139375 311 42 100 0 majora 25
Note: 0 139375 311 54 100 0 majora 25
Note: 0 139687 311 40 100 0 majora 25
Note: 3 139687 311 57 100 0 majora 29
Note: 0 139687 311 45 100 0 majora 25
Note: 4 140000 936 35 100 0 majora 37
Note: 0 140000 936 42 100 0 majora 25
Note: 0 140000 936 54 100 0 majora 25
Note: 0 140000 936 59 100 0 majora 25
Note: 2 140000 4998 59 100 0 majora 61
Note: 0 140000 936 47 100 0 majora 25
Note: 3 140000 623 59 100 0 majora 29
Note: 0 140937 779 62 100 0 majora 25
Note: 4 140937 1248 38 100 0 majora 37
Note: 0 140937 779 57 100 0 majora 25
Note: 0 140937 779 50 100 0 majora 25
Note: 0 140937 779 45 100 0 majora 25
Note: 0 142187 154 40 100 0 majora 25
Note: 0 142187 154 45 100 0 majora 25
Note: 0 142343 154 45 100 0 majora 25
Note: 0 142343 154 40 100 0 majora 25
Note: 4 142500 311 31 100 0 majora 37
Note: 1 142500 311 50 100 0 majora 29
Note: 1 142500 311 43 100 0 majora 29
Note: 1 142500 311 55 100 0 majora 29
Note: 4 142812 311 31 100 0 majora 37
Note: 1 142812 311 43 100 0 majora 29
Note: 1 142812 311 50 100 0 majora 29
Note: 1 142812 311 55 100 0 majora 29
Note: 4 143125 311 31 100 0 majora 37
Note: 1 143125 311 43 100 0 majora 29
Note: 1 143125 311 50 100 0 majora 29
Note: 1 143125 311 55 100 0 majora 29
Note: 4 143437 623 30 100 0 majora 37
Note: 1 143437 623 42 100 0 majora 29
Note: 1 143437 623 49 100 0 majora 29
Note: 1 143437 623 54 100 0 majora 29
Note: 1 144062 311 42 100 0 majora 29
Note: 1 144062 311 49 100 0 majora 29
Note: 1 144062 311 54 100 0 majora 29
Note: 4 144062 311 30 100 0 majora 37
Note: 4 144375 311 30 100 0 majora 37
Note: 1 144375 311 42 100 0 majora 29
Note: 1 144375 311 49 100 0 majora 29
Note: 1 144375 311 54 100 0 majora 29
Note: 4 144687 311 28 100 0 majora 37
Note: 1 144687 311 40 100 0 majora 29
Note: 1 144687 311 45 100 0 majora 29
Note: 4 145000 311 35 100 0 majora 37
Note: 1 145000 311 47 100 0 majora 29
Note: 1 145000 311 54 100 0 majora 29
Note: 2 145000 623 69 100 0 majora 61
Note: 1 145312 311 59 100 0 majora 29
Note: 1 145312 311 62 100 0 majora 29
Note: 1 145312 311 66 100 0 majora 29
Note: 4 145312 311 35 100 0 majora 37
Note: 4 145625 311 35 100 0 majora 37
Note: 2 145625 311 69 100 0 majora 61
Note: 4 145937 623 30 100 0 majora 37
Note: 1 145937 623 42 100 0 majora 29
Note: 1 145937 623 49 100 0 majora 29
Note: 1 145937 623 54 100 0 majora 29
Note: 2 145937 623 69 100 0 majora 61
Note: 3 146250 311 54 100 0 majora 29
Note: 4 146562 311 30 100 0 majora 37
Note: 1 146562 623 58 100 0 majora 29
Note: 1 146562 623 61 100 0 majora 29
Note: 1 146562 623 66 100 0 majora 29
Note: 2 146562 311 69 100 0 majora 61
Note: 3 146562 311 59 100 0 majora 29
Note: 4 146875 311 30 100 0 majora 37
Note: 3 146875 623 57 100 0 majora 29
Note: 4 147187 311 28 100 0 majora 37
Note: 1 147187 311 55 100 0 majora 29
Note: 1 147187 311 59 100 0 majora 29
Note: 1 147187 311 64 100 0 majora 29
Note: 4 147500 311 28 100 0 majora 37
Note: 1 147500 311 40 100 0 majora 29
Note: 1 147500 311 47 100 0 majora 29
Note: 1 147500 311 52 100 0 majora 29
Note: 2 147500 623 69 100 0 majora 61
Note: 3 147500 2498 59 100 0 majora 29
Note: 4 147812 311 28 100 0 majora 37
Note: 1 147812 623 55 100 0 majora 29
Note: 1 147812 623 59 100 0 majora 29
Note: 1 147812 623 64 100 0 majora 29
Note: 4 148125 311 28 100 0 majora 37
Note: 2 148125 311 67 100 0 majora 61
Note: 4 148437 623 31 100 0 majora 37
Note: 1 148437 623 43 100 0 majora 29
Note: 1 148437 623 47 100 0 majora 29
Note: 1 148437 623 50 100 0 majora 29
Note: 1 148437 623 55 100 0 majora 29
Note: 1 148437 623 62 100 0 majora 29
Note: 1 148437 623 67 100 0 majora 29
Note: 2 148437 623 69 100 0 majora 61
Note: 4 149062 311 31 100 0 majora 37
Note: 1 149062 311 55 100 0 majora 29
Note: 1 149062 311 62 100 0 majora 29
Note: 1 149062 311 67 100 0 majora 29
Note: 2 149062 467 69 100 0 majora 61
Note: 4 149375 311 31 100 0 majora 37
Note: 1 149375 311 55 100 0 majora 29
Note: 1 149375 311 62 100 0 majora 29
Note: 1 149375 311 67 100 0 majora 29
Note: 1 149687 311 55 100 0 majora 29
Note: 1 149687 311 59 100 0 majora 29
Note: 1 149687 311 64 100 0 majora 29
Note: 4 149687 311 31 100 0 majora 37
Note: 4 150000 311 35 100 0 majora 37
Note: 1 150000 311 47 100 0 majora 29
Note: 1 150000 311 54 100 0 majora 29
Note: 2 150000 311 69 100 0 majora 61
Note: 4 150312 311 35 100 0 majora 37
Note: 1 150312 311 59 100 0 majora 29
Note: 1 150312 311 62 100 0 majora 29
Note: 1 150312 311 66 100 0 majora 29
Note: 2 150312 311 67 100 0 majora 61
Note: 4 150625 311 35 100 0 majora 37
Note: 2 150625 311 67 100 0 majora 61
Note: 1 150937 623 42 100 0 majora 29
Note: 1 150937 623 49 100 0 majora 29
Note: 1 150937 623 54 100 0 majora 29
Note: 2 150937 623 66 100 0 majora 61
Note: 4 150937 623 30 100 0 majora 37
Note: 4 151562 311 30 100 0 majora 37
Note: 1 151562 623 58 100 0 majora 29
Note: 1 151562 623 61 100 0 majora 29
Note: 1 151562 623 66 100 0 majora 29
Note: 2 151562 623 67 100 0 majora 61
Note: 3 151562 311 54 100 0 majora 29
Note: 3 151562 311 59 100 0 majora 29
Note: 4 151875 311 30 100 0 majora 37
Note: 3 151875 311 57 100 0 majora 29
Note: 4 152187 311 28 100 0 majora 37
Note: 1 152187 311 55 100 0 majora 29
Note: 1 152187 311 59 100 0 majora 29
Note: 1 152187 311 64 100 0 majora 29
Note: 2 152187 467 69 100 0 majora 61
Note: 3 152187 311 54 100 0 majora 29
Note: 3 152187 311 59 100 0 majora 29
Note: 1 152500 311 40 100 0 majora 29
Note: 1 152500 311 47 100 0 majora 29
Note: 1 152500 311 52 100 0 majora 29
Note: 4 152500 311 28 100 0 majora 37
Note: 3 152500 4998 47 100 0 majora 29
Note: 3 152500 4998 54 100 0 majora 29
Note: 3 152500 4998 59 100 0 majora 29
Note: 2 152656 154 64 100 0 majora 61
Note: 4 152812 311 28 100 0 majora 37
Note: 1 152812 623 55 100 0 majora 29
Note: 1 152812 623 59 100 0 majora 29
Note: 1 152812 623 64 100 0 majora 29
Note: 2 152812 1248 62 100 0 majora 61
Note: 4 153125 311 28 100 0 majora 37
Note: 4 153437 623 31 100 0 majora 37
Note: 1 153437 623 43 100 0 majora 29
Note: 1 153437 623 47 100 0 majora 29
Note: 1 153437 623 50 100 0 majora 29
Note: 1 153437 623 55 100 0 majora 29
Note: 1 153437 623 62 100 0 majora 29
Note: 1 153437 623 67 100 0 majora 29
Note: 4 154062 311 31 100 0 majora 37
Note: 1 154062 311 55 100 0 majora 29
Note: 1 154062 311 62 100 0 majora 29
Note: 1 154062 311 67 100 0 majora 29
Note: 4 154375 311 31 100 0 majora 37
Note: 1 154375 311 55 100 0 majora 29
Note: 1 154375 311 67 100 0 majora 29
Note: 1 154375 311 62 100 0 majora 29
Note: 4 154687 311 31 100 0 majora 37
Note: 2 154687 311 59 100 0 majora 61
Note: 1 154687 311 59 100 0 majora 29
Note: 1 154687 311 55 100 0 majora 29
Note: 1 154687 311 64 100 0 majora 29
Note: 4 155000 311 35 100 0 majora 37
Note: 2 155000 623 69 100 0 majora 61
Note: 1 155000 311 47 100 0 majora 29
Note: 1 155000 311 54 100 0 majora 29
Note: 1 155312 311 59 100 0 majora 29
Note: 1 155312 311 62 100 0 majora 29
Note: 1 155312 311 66 100 0 majora 29
Note: 4 155312 311 35 100 0 majora 37
Note: 4 155625 311 35 100 0 majora 37
Note: 2 155625 311 69 100 0 majora 61
Note: 4 155937 623 30 100 0 majora 37
Note: 1 155937 623 54 100 0 majora 29
Note: 2 155937 623 69 100 0 majora 61
Note: 1 155937 623 42 100 0 majora 29
Note: 1 155937 623 49 100 0 majora 29
Note: 4 156562 311 30 100 0 majora 37
Note: 2 156562 311 69 100 0 majora 61
Note: 1 156562 623 58 100 0 majora 29
Note: 1 156562 623 61 100 0 majora 29
Note: 1 156562 623 66 100 0 majora 29
Note: 4 156875 311 30 100 0 majora 37
Note: 4 157187 311 28 100 0 majora 37
Note: 1 157187 311 55 100 0 majora 29
Note: 1 157187 311 59 100 0 majora 29
Note: 1 157187 311 64 100 0 majora 29
Note: 4 157500 311 28 100 0 majora 37
Note: 2 157500 311 69 100 0 majora 61
Note: 1 157500 311 40 100 0 majora 29
Note: 1 157500 311 47 100 0 majora 29
Note: 1 157500 311 52 100 0 majora 29
Note: 4 157812 311 28 100 0 majora 37
Note: 2 157812 311 67 100 0 majora 61
Note: 1 157812 623 55 100 0 majora 29
Note: 1 157812 623 59 100 0 majora 29
Note: 1 157812 623 64 100 0 majora 29
Note: 2 158125 311 67 100 0 majora 61
Note: 4 158125 311 28 100 0 majora 37
Note: 4 158437 623 31 100 0 majora 37
Note: 1 158437 623 62 100 0 majora 29
Note: 1 158437 623 67 100 0 majora 29
Note: 2 158437 623 66 100 0 majora 61
Note: 1 158437 623 43 100 0 majora 29
Note: 1 158437 623 47 100 0 majora 29
Note: 1 158437 623 50 100 0 majora 29
Note: 1 158437 623 55 100 0 majora 29
Note: 4 159062 311 31 100 0 majora 37
Note: 2 159062 623 67 100 0 majora 61
Note: 1 159062 311 55 100 0 majora 29
Note: 1 159062 311 62 100 0 majora 29
Note: 1 159062 311 67 100 0 majora 29
Note: 4 159375 311 31 100 0 majora 37
Note: 1 159375 311 55 100 0 majora 29
Note: 1 159375 311 62 100 0 majora 29
Note: 1 159375 311 67 100 0 majora 29
Note: 4 159687 311 31 100 0 majora 37
Note: 2 159687 623 66 100 0 majora 61
Note: 1 159687 311 55 100 0 majora 29
Note: 1 159687 311 59 100 0 majora 29
Note: 1 159687 311 64 100 0 majora 29
Note: 4 160000 311 35 100 0 majora 37
Note: 1 160000 311 47 100 0 majora 29
Note: 1 160000 311 54 100 0 majora 29
Note: 4 160312 311 35 100 0 majora 37
Note: 2 160312 1717 66 100 0 majora 61
Note: 1 160312 311 59 100 0 majora 29
Note: 1 160312 311 62 100 0 majora 29
Note: 1 160312 311 66 100 0 majora 29
Note: 4 160625 311 35 100 0 majora 37
Note: 1 160937 623 42 100 0 majora 29
Note: 1 160937 623 49 100 0 majora 29
Note: 1 160937 623 54 100 0 majora 29
Note: 4 160937 623 30 100 0 majora 37
Note: 4 161562 311 30 100 0 majora 37
Note: 1 161562 623 58 100 0 majora 29
Note: 1 161562 623 61 100 0 majora 29
Note: 1 161562 623 66 100 0 majora 29
Note: 4 161875 311 30 100 0 majora 37
Note: 4 162187 311 28 100 0 majora 37
Note: 1 162187 311 55 100 0 majora 29
Note: 1 162187 311 59 100 0 majora 29
Note: 1 162187 311 64 100 0 majora 29
Note: 2 162500 311 66 100 0 majora 61
Note: 1 162500 311 40 100 0 majora 29
Note: 1 162500 311 47 100 0 majora 29
Note: 1 162500 311 52 100 0 majora 29
Note: 4 162500 311 28 100 0 majora 37
Note: 4 162812 311 28 100 0 majora 37
Note: 2 162812 311 66 100 0 majora 61
Note: 1 162812 623 55 100 0 majora 29
Note: 1 162812 623 59 100 0 majora 29
Note: 1 162812 623 64 100 0 majora 29
Note: 4 163125 311 28 100 0 majora 37
Note: 2 163125 311 66 100 0 majora 61
Note: 4 163437 623 31 100 0 majora 37
Note: 2 163437 623 64 100 0 majora 61
Note: 1 163437 1561 43 100 0 majora 29
Note: 1 163437 1561 47 100 0 majora 29
Note: 1 163437 1561 50 100 0 majora 29
Note: 1 163437 1561 55 100 0 majora 29
Note: 1 163437 1561 62 100 0 majora 29
Note: 1 163437 1561 67 100 0 majora 29
Note: 4 164062 311 31 100 0 majora 37
Note: 2 164062 467 66 100 0 majora 61
Note: 4 164375 311 31 100 0 majora 37
Note: 4 164687 311 31 100 0 majora 37
Note: 4 165000 311 35 100 0 majora 37
Note: 1 165000 311 47 100 0 majora 29
Note: 1 165000 311 54 100 0 majora 29
Note: 1 165000 311 59 100 0 majora 29
Note: 1 165000 311 62 100 0 majora 29
Note: 1 165000 311 66 100 0 majora 29
Note: 4 165312 311 35 100 0 majora 37
Note: 1 165312 311 47 100 0 majora 29
Note: 1 165312 311 54 100 0 majora 29
Note: 1 165312 311 59 100 0 majora 29
Note: 1 165312 311 62 100 0 majora 29
Note: 1 165312 311 66 100 0 majora 29
Note: 4 165625 311 35 100 0 majora 37
Note: 1 165625 311 47 100 0 majora 29
Note: 1 165625 311 54 100 0 majora 29
Note: 1 165625 311 59 100 0 majora 29
Note: 1 165625 311 62 100 0 majora 29
Note: 1 165625 311 66 100 0 majora 29
Note: 4 165937 311 30 100 0 majora 37
Note: 1 165937 311 42 100 0 majora 29
Note: 1 165937 311 49 100 0 majora 29
Note: 1 165937 311 54 100 0 majora 29
Note: 1 165937 311 58 100 0 majora 29
Note: 1 165937 311 61 100 0 majora 29
Note: 1 165937 311 66 100 0 majora 29
Note: 4 166250 311 30 100 0 majora 37
Note: 1 166250 311 42 100 0 majora 29
Note: 1 166250 311 49 100 0 majora 29
Note: 1 166250 311 54 100 0 majora 29
Note: 1 166250 311 58 100 0 majora 29
Note: 1 166250 311 61 100 0 majora 29
Note: 1 166250 311 66 100 0 majora 29
Note: 1 166562 311 58 100 0 majora 29
Note: 4 166562 311 30 100 0 majora 37
Note: 1 166562 311 42 100 0 majora 29
Note: 1 166562 311 49 100 0 majora 29
Note: 1 166562 311 54 100 0 majora 29
Note: 1 166562 311 61 100 0 majora 29
Note: 1 166562 311 66 100 0 majora 29
Note: 4 166875 311 30 100 0 majora 37
Note: 1 166875 311 42 100 0 majora 29
Note: 1 166875 311 49 100 0 majora 29
Note: 1 166875 311 54 100 0 majora 29
Note: 1 166875 311 58 100 0 majora 29
Note: 1 166875 311 61 100 0 majora 29
Note: 1 166875 311 66 100 0 majora 29
Note: 1 167187 311 42 100 0 majora 29
Note: 1 167187 311 49 100 0 majora 29
Note: 1 167187 311 54 100 0 majora 29
Note: 1 167187 311 58 100 0 majora 29
Note: 1 167187 311 61 100 0 majora 29
Note: 1 167187 311 66 100 0 majora 29
Note: 4 167187 311 30 100 0 majora 37
Note: 4 167500 311 28 100 0 majora 37
Note: 1 167500 311 40 100 0 majora 29
Note: 1 167500 311 47 100 0 majora 29
Note: 1 167500 311 52 100 0 majora 29
Note: 1 167500 311 55 100 0 majora 29
Note: 1 167500 311 59 100 0 majora 29
Note: 1 167500 311 64 100 0 majora 29
Note: 4 167812 311 28 100 0 majora 37
Note: 1 167812 311 40 100 0 majora 29
Note: 1 167812 311 47 100 0 majora 29
Note: 1 167812 311 52 100 0 majora 29
Note: 1 167812 311 55 100 0 majora 29
Note: 1 167812 311 59 100 0 majora 29
Note: 1 167812 311 64 100 0 majora 29
Note: 4 168125 311 28 100 0 majora 37
Note: 1 168125 311 40 100 0 majora 29
Note: 1 168125 311 47 100 0 majora 29
Note: 1 168125 311 52 100 0 majora 29
Note: 1 168125 311 55 100 0 majora 29
Note: 1 168125 311 59 100 0 majora 29
Note: 1 168125 311 64 100 0 majora 29
Note: 4 168437 311 31 100 0 majora 37
Note: 1 168437 311 43 100 0 majora 29
Note: 1 168437 311 47 100 0 majora 29
Note: 1 168437 311 50 100 0 majora 29
Note: 1 168437 311 55 100 0 majora 29
Note: 1 168437 311 62 100 0 majora 29
Note: 1 168437 311 67 100 0 majora 29
Note: 4 168750 311 31 100 0 majora 37
Note: 1 168750 311 43 100 0 majora 29
Note: 1 168750 311 47 100 0 majora 29
Note: 1 168750 311 50 100 0 majora 29
Note: 1 168750 311 55 100 0 majora 29
Note: 1 168750 311 62 100 0 majora 29
Note: 1 168750 311 67 100 0 majora 29
Note: 4 169062 311 31 100 0 majora 37
Note: 1 169062 311 43 100 0 majora 29
Note: 1 169062 311 47 100 0 majora 29
Note: 1 169062 311 50 100 0 majora 29
Note: 1 169062 311 55 100 0 majora 29
Note: 1 169062 311 62 100 0 majora 29
Note: 1 169062 311 67 100 0 majora 29
Note: 4 169375 311 31 100 0 majora 37
Note: 1 169375 311 43 100 0 majora 29
Note: 1 169375 311 47 100 0 majora 29
Note: 1 169375 311 50 100 0 majora 29
Note: 1 169375 311 55 100 0 majora 29
Note: 1 169375 311 62 100 0 majora 29
Note: 1 169375 311 67 100 0 majora 29
Note: 4 169687 311 31 100 0 majora 37
Note: 1 169687 311 43 100 0 majora 29
Note: 1 169687 311 47 100 0 majora 29
Note: 1 169687 311 50 100 0 majora 29
Note: 1 169687 311 55 100 0 majora 29
Note: 1 169687 311 62 100 0 majora 29
Note: 1 169687 311 67 100 0 majora 29
Note: 4 170000 311 35 100 0 majora 37
Note: 1 170000 311 47 100 0 majora 29
Note: 1 170000 311 54 100 0 majora 29
Note: 1 170000 311 59 100 0 majora 29
Note: 1 170000 311 62 100 0 majora 29
Note: 1 170000 311 66 100 0 majora 29
Note: 4 170312 311 35 100 0 majora 37
Note: 1 170312 311 47 100 0 majora 29
Note: 1 170312 311 54 100 0 majora 29
Note: 1 170312 311 59 100 0 majora 29
Note: 1 170312 311 62 100 0 majora 29
Note: 1 170312 311 66 100 0 majora 29
Note: 4 170625 311 35 100 0 majora 37
Note: 1 170625 311 47 100 0 majora 29
Note: 1 170625 311 54 100 0 majora 29
Note: 1 170625 311 59 100 0 majora 29
Note: 1 170625 311 62 100 0 majora 29
Note: 1 170625 311 66 100 0 majora 29
Note: 1 170937 311 42 100 0 majora 29
Note: 1 170937 311 49 100 0 majora 29
Note: 1 170937 311 54 100 0 majora 29
Note: 1 170937 311 58 100 0 majora 29
Note: 1 170937 311 61 100 0 majora 29
Note: 1 170937 311 66 100 0 majora 29
Note: 4 170937 311 30 100 0 majora 37
Note: 4 171250 311 30 100 0 majora 37
Note: 1 171250 311 42 100 0 majora 29
Note: 1 171250 311 49 100 0 majora 29
Note: 1 171250 311 54 100 0 majora 29
Note: 1 171250 311 58 100 0 majora 29
Note: 1 171250 311 61 100 0 majora 29
Note: 1 171250 311 66 100 0 majora 29
Note: 4 171562 311 30 100 0 majora 37
Note: 1 171562 311 42 100 0 majora 29
Note: 1 171562 311 49 100 0 majora 29
Note: 1 171562 311 54 100 0 majora 29
Note: 1 171562 311 58 100 0 majora 29
Note: 1 171562 311 61 100 0 majora 29
Note: 1 171562 311 66 100 0 majora 29
Note: 4 171875 311 30 100 0 majora 37
Note: 1 171875 311 42 100 0 majora 29
Note: 1 171875 311 49 100 0 majora 29
Note: 1 171875 311 54 100 0 majora 29
Note: 1 171875 311 58 100 0 majora 29
Note: 1 171875 311 61 100 0 majora 29
Note: 1 171875 311 66 100 0 majora 29
Note: 1 172187 311 42 100 0 majora 29
Note: 1 172187 311 49 100 0 majora 29
Note: 1 172187 311 54 100 0 majora 29
Note: 1 172187 311 58 100 0 majora 29
Note: 1 172187 311 61 100 0 majora 29
Note: 1 172187 311 66 100 0 majora 29
Note: 4 172187 311 30 100 0 majora 37
Note: 4 172500 311 28 100 0 majora 37
Note: 1 172500 311 40 100 0 majora 29
Note: 1 172500 311 47 100 0 majora 29
Note: 1 172500 311 52 100 0 majora 29
Note: 1 172500 311 55 100 0 majora 29
Note: 1 172500 311 59 100 0 majora 29
Note: 1 172500 311 64 100 0 majora 29
Note: 4 172812 311 28 100 0 majora 37
Note: 1 172812 311 40 100 0 majora 29
Note: 1 172812 311 47 100 0 majora 29
Note: 1 172812 311 52 100 0 majora 29
Note: 1 172812 311 55 100 0 majora 29
Note: 1 172812 311 59 100 0 majora 29
Note: 1 172812 311 64 100 0 majora 29
Note: 4 173125 311 28 100 0 majora 37
Note: 1 173125 311 40 100 0 majora 29
Note: 1 173125 311 47 100 0 majora 29
Note: 1 173125 311 52 100 0 majora 29
Note: 1 173125 311 55 100 0 majora 29
Note: 1 173125 311 59 100 0 majora 29
Note: 1 173125 311 64 100 0 majora 29
Note: 1 173437 311 43 100 0 majora 29
Note: 1 173437 311 47 100 0 majora 29
Note: 1 173437 311 50 100 0 majora 29
Note: 1 173437 311 55 100 0 majora 29
Note: 1 173437 311 62 100 0 majora 29
Note: 1 173437 311 67 100 0 majora 29
Note: 4 173437 311 31 100 0 majora 37
Note: 4 173750 311 31 100 0 majora 37
Note: 1 173750 311 43 100 0 majora 29
Note: 1 173750 311 47 100 0 majora 29
Note: 1 173750 311 50 100 0 majora 29
Note: 1 173750 311 55 100 0 majora 29
Note: 1 173750 311 62 100 0 majora 29
Note: 1 173750 311 67 100 0 majora 29
Note: 4 174062 311 31 100 0 majora 37
Note: 1 174062 311 43 100 0 majora 29
Note: 1 174062 311 47 100 0 majora 29
Note: 1 174062 311 50 100 0 majora 29
Note: 1 174062 311 55 100 0 majora 29
Note: 1 174062 311 62 100 0 majora 29
Note: 1 174062 311 67 100 0 majora 29
Note: 4 174375 311 31 100 0 majora 37
Note: 1 174375 311 43 100 0 majora 29
Note: 1 174375 311 47 100 0 majora 29
Note: 1 174375 311 50 100 0 majora 29
Note: 1 174375 311 55 100 0 majora 29
Note: 1 174375 311 62 100 0 majora 29
Note: 1 174375 311 67 100 0 majora 29
Note: 4 174687 311 31 100 0 majora 37
Note: 1 174687 311 43 100 0 majora 29
Note: 1 174687 311 47 100 0 majora 29
Note: 1 174687 311 50 100 0 majora 29
Note: 1 174687 311 55 100 0 majora 29
Note: 1 174687 311 62 100 0 majora 29
Note: 1 174687 311 67 100 0 majora 29
Note: 4 175000 311 35 100 0 majora 37
Note: 1 175000 311 47 100 0 majora 29
Note: 1 175000 311 54 100 0 majora 29
Note: 1 175000 311 59 100 0 majora 29
Note: 1 175000 311 62 100 0 majora 29
Note: 1 175000 311 66 100 0 majora 29
Note: 4 175312 311 35 100 0 majora 37
Note: 1 175312 311 47 100 0 majora 29
Note: 1 175312 311 54 100 0 majora 29
Note: 1 175312 311 59 100 0 majora 29
Note: 1 175312 311 62 100 0 majora 29
Note: 1 175312 311 66 100 0 majora 29
Note: 4 175625 311 35 100 0 majora 37
Note: 1 175625 311 47 100 0 majora 29
Note: 1 175625 311 54 100 0 majora 29
Note: 1 175625 311 59 100 0 majora 29
Note: 1 175625 311 62 100 0 majora 29
Note: 1 175625 311 66 100 0 majora 29
Note: 1 175937 311 42 100 0 majora 29
Note: 1 175937 311 49 100 0 majora 29
Note: 1 175937 311 54 100 0 majora 29
Note: 1 175937 311 58 100 0 majora 29
Note: 1 175937 311 61 100 0 majora 29
Note: 1 175937 311 66 100 0 majora 29
Note: 4 175937 311 30 100 0 majora 37
Note: 4 176250 311 30 100 0 majora 37
Note: 1 176250 311 42 100 0 majora 29
Note: 1 176250 311 49 100 0 majora 29
Note: 1 176250 311 54 100 0 majora 29
Note: 1 176250 311 58 100 0 majora 29
Note: 1 176250 311 61 100 0 majora 29
Note: 1 176250 311 66 100 0 majora 29
Note: 4 176562 311 30 100 0 majora 37
Note: 1 176562 311 42 100 0 majora 29
Note: 1 176562 311 49 100 0 majora 29
Note: 1 176562 311 54 100 0 majora 29
Note: 1 176562 311 58 100 0 majora 29
Note: 1 176562 311 61 100 0 majora 29
Note: 1 176562 311 66 100 0 majora 29
Note: 4 176875 311 30 100 0 majora 37
Note: 1 176875 311 42 100 0 majora 29
Note: 1 176875 311 49 100 0 majora 29
Note: 1 176875 311 54 100 0 majora 29
Note: 1 176875 311 58 100 0 majora 29
Note: 1 176875 311 61 100 0 majora 29
Note: 1 176875 311 66 100 0 majora 29
Note: 4 177187 311 30 100 0 majora 37
Note: 1 177187 311 42 100 0 majora 29
Note: 1 177187 311 49 100 0 majora 29
Note: 1 177187 311 54 100 0 majora 29
Note: 1 177187 311 58 100 0 majora 29
Note: 1 177187 311 61 100 0 majora 29
Note: 1 177187 311 66 100 0 majora 29
Note: 4 177500 311 28 100 0 majora 37
Note: 1 177500 311 40 100 0 majora 29
Note: 1 177500 311 47 100 0 majora 29
Note: 1 177500 311 52 100 0 majora 29
Note: 1 177500 311 55 100 0 majora 29
Note: 1 177500 311 59 100 0 majora 29
Note: 1 177500 311 64 100 0 majora 29
Note: 4 177812 311 28 100 0 majora 37
Note: 1 177812 311 40 100 0 majora 29
Note: 1 177812 311 47 100 0 majora 29
Note: 1 177812 311 52 100 0 majora 29
Note: 1 177812 311 55 100 0 majora 29
Note: 1 177812 311 59 100 0 majora 29
Note: 1 177812 311 64 100 0 majora 29
Note: 4 178125 311 28 100 0 majora 37
Note: 1 178125 311 40 100 0 majora 29
Note: 1 178125 311 47 100 0 majora 29
Note: 1 178125 311 52 100 0 majora 29
Note: 1 178125 311 55 100 0 majora 29
Note: 1 178125 311 59 100 0 majora 29
Note: 1 178125 311 64 100 0 majora 29
Note: 4 178437 311 31 100 0 majora 37
Note: 1 178437 311 43 100 0 majora 29
Note: 1 178437 311 47 100 0 majora 29
Note: 1 178437 311 50 100 0 majora 29
Note: 1 178437 311 55 100 0 majora 29
Note: 1 178437 311 62 100 0 majora 29
Note: 1 178437 311 67 100 0 majora 29
Note: 4 178750 311 31 100 0 majora 37
Note: 1 178750 311 43 100 0 majora 29
Note: 1 178750 311 47 100 0 majora 29
Note: 1 178750 311 50 100 0 majora 29
Note: 1 178750 311 55 100 0 majora 29
Note: 1 178750 311 62 100 0 majora 29
Note: 1 178750 311 67 100 0 majora 29
Note: 4 179062 311 31 100 0 majora 37
Note: 1 179062 311 43 100 0 majora 29
Note: 1 179062 311 47 100 0 majora 29
Note: 1 179062 311 50 100 0 majora 29
Note: 1 179062 311 55 100 0 majora 29
Note: 1 179062 311 62 100 0 majora 29
Note: 1 179062 311 67 100 0 majora 29
Note: 4 179375 311 31 100 0 majora 37
Note: 1 179375 311 43 100 0 majora 29
Note: 1 179375 311 47 100 0 majora 29
Note: 1 179375 311 50 100 0 majora 29
Note: 1 179375 311 55 100 0 majora 29
Note: 1 179375 311 62 100 0 majora 29
Note: 1 179375 311 67 100 0 majora 29
Note: 4 179687 311 31 100 0 majora 37
Note: 1 179687 311 43 100 0 majora 29
Note: 1 179687 311 47 100 0 majora 29
Note: 1 179687 311 50 100 0 majora 29
Note: 1 179687 311 55 100 0 majora 29
Note: 1 179687 311 62 100 0 majora 29
Note: 1 179687 311 67 100 0 majora 29
Note: 4 180000 311 35 100 0 majora 37
Note: 1 180000 311 47 100 0 majora 29
Note: 1 180000 311 54 100 0 majora 29
Note: 1 180000 311 59 100 0 majora 29
Note: 1 180000 311 62 100 0 majora 29
Note: 1 180000 311 66 100 0 majora 29
Note: 1 180312 311 62 100 0 majora 29
Note: 1 180312 311 66 100 0 majora 29
Note: 4 180312 311 35 100 0 majora 37
Note: 1 180312 311 47 100 0 majora 29
Note: 1 180312 311 54 100 0 majora 29
Note: 1 180312 311 59 100 0 majora 29
Note: 1 180625 311 47 100 0 majora 29
Note: 1 180625 311 54 100 0 majora 29
Note: 1 180625 311 59 100 0 majora 29
Note: 1 180625 311 62 100 0 majora 29
Note: 1 180625 311 66 100 0 majora 29
Note: 4 180625 311 35 100 0 majora 37
Note: 1 180937 311 42 100 0 majora 29
Note: 1 180937 311 49 100 0 majora 29
Note: 1 180937 311 54 100 0 majora 29
Note: 1 180937 311 58 100 0 majora 29
Note: 1 180937 311 61 100 0 majora 29
Note: 1 180937 311 66 100 0 majora 29
Note: 4 180937 311 30 100 0 majora 37
Note: 1 181250 311 42 100 0 majora 29
Note: 1 181250 311 49 100 0 majora 29
Note: 1 181250 311 54 100 0 majora 29
Note: 1 181250 311 58 100 0 majora 29
Note: 1 181250 311 61 100 0 majora 29
Note: 1 181250 311 66 100 0 majora 29
Note: 4 181250 311 30 100 0 majora 37
Note: 1 181562 311 42 100 0 majora 29
Note: 1 181562 311 49 100 0 majora 29
Note: 1 181562 311 54 100 0 majora 29
Note: 1 181562 311 58 100 0 majora 29
Note: 1 181562 311 61 100 0 majora 29
Note: 1 181562 311 66 100 0 majora 29
Note: 4 181562 311 30 100 0 majora 37
Note: 1 181875 311 42 100 0 majora 29
Note: 1 181875 311 49 100 0 majora 29
Note: 1 181875 311 54 100 0 majora 29
Note: 1 181875 311 58 100 0 majora 29
Note: 1 181875 311 61 100 0 majora 29
Note: 1 181875 311 66 100 0 majora 29
Note: 4 181875 311 30 100 0 majora 37
Note: 1 182187 311 42 100 0 majora 29
Note: 1 182187 311 49 100 0 majora 29
Note: 1 182187 311 54 100 0 majora 29
Note: 1 182187 311 58 100 0 majora 29
Note: 1 182187 311 61 100 0 majora 29
Note: 1 182187 311 66 100 0 majora 29
Note: 4 182187 311 30 100 0 majora 37
Note: 1 182500 311 40 100 0 majora 29
Note: 1 182500 311 47 100 0 majora 29
Note: 1 182500 311 52 100 0 majora 29
Note: 1 182500 311 55 100 0 majora 29
Note: 1 182500 311 59 100 0 majora 29
Note: 1 182500 311 64 100 0 majora 29
Note: 4 182500 311 28 100 0 majora 37
Note: 1 182812 311 40 100 0 majora 29
Note: 1 182812 311 47 100 0 majora 29
Note: 1 182812 311 52 100 0 majora 29
Note: 1 182812 311 55 100 0 majora 29
Note: 1 182812 311 59 100 0 majora 29
Note: 1 182812 311 64 100 0 majora 29
Note: 4 182812 311 28 100 0 majora 37
Note: 1 183125 311 40 100 0 majora 29
Note: 1 183125 311 47 100 0 majora 29
Note: 1 183125 311 52 100 0 majora 29
Note: 1 183125 311 55 100 0 majora 29
Note: 1 183125 311 59 100 0 majora 29
Note: 1 183125 311 64 100 0 majora 29
Note: 4 183125 311 28 100 0 majora 37
Note: 1 183437 1561 43 100 0 majora 29
Note: 1 183437 1561 47 100 0 majora 29
Note: 1 183437 1561 50 100 0 majora 29
Note: 1 183437 1561 55 100 0 majora 29
Note: 1 183437 1561 59 100 0 majora 29
Note: 1 183437 1561 62 100 0 majora 29
Note: 1 183437 1561 67 100 0 majora 29
Note: 4 183437 1561 31 100 0 majora 37
Note: 1 185000 4618 47 100 0 majora 29
Note: 1 185000 4444 54 100 0 majora 29
Note: 1 185000 2498 59 100 0 majora 29
Note: 1 185000 2498 62 100 0 majora 29
Note: 1 185000 2498 66 100 0 majora 29
Note: 4 185000 4998 35 100 0 majora 37
Note: 1 187500 2498 94 100 0 majora 29
Note: 1 189375 33 57 100 0 majora 29
Note: 1 189410 33 55 100 0 majora 29
Note: 1 189444 401 54 100 0 majora 29
Note: 1 189479 33 52 100 0 majora 29
Note: 1 189514 33 50 100 0 majora 29
Note: 1 189548 33 49 100 0 majora 29
Note: 1 189618 225 47 100 0 majora 29
Note: 1 189652 33 45 100 0 majora 29
Note: 1 189687 37 43 100 0 majora 29
Note: 1 189726 18 42 100 0 majora 29
Note: 1 189765 37 40 100 0 majora 29
Note: 1 189804 18 38 100 0 majora 29
Note: 1 189843 76 37 100 0 majora 29
76
Measure: 0 0 4
Measure: 1 2500 4
Measure: 2 5000 4
Measure: 3 7500 4
Measure: 4 10000 4
Measure: 5 12500 4
Measure: 6 15000 4
Measure: 7 17500 4
Measure: 8 20000 4
Measure: 9 22500 4
Measure: 10 25000 4
Measure: 11 27500 4
Measure: 12 30000 4
Measure: 13 32500 4
Measure: 14 35000 4
Measure: 15 37500 4
Measure: 16 40000 4
Measure: 17 42500 4
Measure: 18 45000 4
Measure: 19 47500 4
Measure: 20 50000 4
Measure: 21 52500 4
Measure: 22 55000 4
Measure: 23 57500 4
Measure: 24 60000 4
Measure: 25 62500 4
Measure: 26 65000 4
Measure: 27 67500 4
Measure: 28 70000 4
Measure: 29 72500 4
Measure: 30 75000 4
Measure: 31 77500 4
Measure: 32 80000 4
Measure: 33 82500 4
Measure: 34 85000 4
Measure: 35 87500 4
Measure: 36 90000 4
Measure: 37 92500 4
Measure: 38 95000 4
Measure: 39 97500 4
Measure: 40 100000 4
Measure: 41 102500 4
Measure: 42 105000 4
Measure: 43 107500 4
Measure: 44 110000 4
Measure: 45 112500 4
Measure: 46 115000 4
Measure: 47 117500 4
Measure: 48 120000 4
Measure: 49 122500 4
Measure: 50 125000 4
Measure: 51 127500 4
Measure: 52 130000 4
Measure: 53 132500 4
Measure: 54 135000 4
Measure: 55 137500 4
Measure: 56 140000 4
Measure: 57 142500 4
Measure: 58 145000 4
Measure: 59 147500 4
Measure: 60 150000 4
Measure: 61 152500 4
Measure: 62 155000 4
Measure: 63 157500 4
Measure: 64 160000 4
Measure: 65 162500 4
Measure: 66 165000 4
Measure: 67 167500 4
Measure: 68 170000 4
Measure: 69 172500 4
Measure: 70 175000 4
Measure: 71 177500 4
Measure: 72 180000 4
Measure: 73 182500 4
Measure: 74 185000 4
Measure: 75 187500 4
